0	0
0	0
0	1
0	2
0	4
0	5
0	6
0	7
0	8
0	9
0	00
0	00
0	01
0	02
0	04
0	05
0	06
0	07
0	08
0	09
0	10
0	10
0	11
0	12
0	14
0	15
0	16
0	17
0	18
0	19
0	20
0	20
0	21
0	22
0	24
0	25
0	26
0	27
0	28
0	29
0	40
0	40
0	41
0	42
0	44
0	45
0	46
0	47
0	48
0	49
0	50
0	50
0	51
0	52
0	54
0	55
0	56
0	57
0	58
0	59
0	60
0	60
0	61
0	62
0	64
0	65
0	66
0	67
0	68
0	69
0	70
0	70
0	71
0	72
0	74
0	75
0	76
0	77
0	78
0	79
0	80
0	80
0	81
0	82
0	84
0	85
0	86
0	87
0	88
0	89
0	90
0	90
0	91
0	92
0	94
0	95
0	96
0	97
0	98
0	99
0	000
0	000
0	001
0	002
0	004
0	005
0	006
0	007
0	008
0	009
0	000
0	000
0	001
0	002
0	004
0	005
0	006
0	007
0	008
0	009
0	010
0	010
0	011
0	012
0	014
0	015
0	016
0	017
0	018
0	019
0	020
0	020
0	021
0	022
0	024
0	025
0	026
0	027
0	028
0	029
0	040
0	040
0	041
0	042
0	044
0	045
0	046
0	047
0	048
0	049
0	050
0	050
0	051
0	052
0	054
0	055
0	056
0	057
0	058
0	059
0	060
0	060
0	061
0	062
0	064
0	065
0	066
0	067
0	068
0	069
0	070
0	070
0	071
0	072
0	074
0	075
0	076
0	077
0	078
0	079
0	080
0	080
0	081
0	082
0	084
0	085
0	086
0	087
0	088
0	089
0	090
0	090
0	091
0	092
0	094
0	095
0	096
0	097
0	098
0	099
0	100
0	100
0	101
0	102
0	104
0	105
0	106
0	107
0	108
0	109
0	100
0	100
0	101
0	102
0	104
0	105
0	106
0	107
0	108
0	109
0	110
0	110
0	111
0	112
0	114
0	115
0	116
0	117
0	118
0	119
0	120
0	120
0	121
0	122
0	124
0	125
0	126
0	127
0	128
0	129
0	140
0	140
0	141
0	142
0	144
0	145
0	146
0	147
0	148
0	149
0	150
0	150
0	151
0	152
0	154
0	155
0	156
0	157
0	158
0	159
0	160
0	160
0	161
0	162
0	164
0	165
0	166
0	167
0	168
0	169
0	170
0	170
0	171
0	172
0	174
0	175
0	176
0	177
0	178
0	179
0	180
0	180
0	181
0	182
0	184
0	185
0	186
0	187
0	188
0	189
0	190
0	190
0	191
0	192
0	194
0	195
0	196
0	197
0	198
0	199
0	200
0	200
0	201
0	202
0	204
0	205
0	206
0	207
0	208
0	209
0	200
0	200
0	201
0	202
0	204
0	205
0	206
0	207
0	208
0	209
0	210
0	210
0	211
0	212
0	214
0	215
0	216
0	217
0	218
0	219
0	220
0	220
0	221
0	222
0	224
0	225
0	226
0	227
0	228
0	229
0	240
0	240
0	241
0	242
0	244
0	245
0	246
0	247
0	248
0	249
0	250
0	250
0	251
0	252
0	254
0	255
0	256
0	257
0	258
0	259
0	260
0	260
0	261
0	262
0	264
0	265
0	266
0	267
0	268
0	269
0	270
0	270
0	271
0	272
0	274
0	275
0	276
0	277
0	278
0	279
0	280
0	280
0	281
0	282
0	284
0	285
0	286
0	287
0	288
0	289
0	290
0	290
0	291
0	292
0	294
0	295
0	296
0	297
0	298
0	299
0	400
0	400
0	401
0	402
0	404
0	405
0	406
0	407
0	408
0	409
0	400
0	400
0	401
0	402
0	404
0	405
0	406
0	407
0	408
0	409
0	410
0	410
0	411
0	412
0	414
0	415
0	416
0	417
0	418
0	419
0	420
0	420
0	421
0	422
0	424
0	425
0	426
0	427
0	428
0	429
0	440
0	440
0	441
0	442
0	444
0	445
0	446
0	447
0	448
0	449
0	450
0	450
0	451
0	452
0	454
0	455
0	456
0	457
0	458
0	459
0	460
0	460
0	461
0	462
0	464
0	465
0	466
0	467
0	468
0	469
0	470
0	470
0	471
0	472
0	474
0	475
0	476
0	477
0	478
0	479
0	480
0	480
0	481
0	482
0	484
0	485
0	486
0	487
0	488
0	489
0	490
0	490
0	491
0	492
0	494
0	495
0	496
0	497
0	498
0	499
0	500
0	500
0	501
0	502
0	504
0	505
0	506
0	507
0	508
0	509
0	500
0	500
0	501
0	502
0	504
0	505
0	506
0	507
0	508
0	509
0	510
0	510
0	511
0	512
0	514
0	515
0	516
0	517
0	518
0	519
0	520
0	520
0	521
0	522
0	524
0	525
0	526
0	527
0	528
0	529
0	540
0	540
0	541
0	542
0	544
0	545
0	546
0	547
0	548
0	549
0	550
0	550
0	551
0	552
0	554
0	555
0	556
0	557
0	558
0	559
0	560
0	560
0	561
0	562
0	564
0	565
0	566
0	567
0	568
0	569
0	570
0	570
0	571
0	572
0	574
0	575
0	576
0	577
0	578
0	579
0	580
0	580
0	581
0	582
0	584
0	585
0	586
0	587
0	588
0	589
0	590
0	590
0	591
0	592
0	594
0	595
0	596
0	597
0	598
0	599
0	600
0	600
0	601
0	602
0	604
0	605
0	606
0	607
0	608
0	609
0	600
0	600
0	601
0	602
0	604
0	605
0	606
0	607
0	608
0	609
0	610
0	610
0	611
0	612
0	614
0	615
0	616
0	617
0	618
0	619
0	620
0	620
0	621
0	622
0	624
0	625
0	626
0	627
0	628
0	629
0	640
0	640
0	641
0	642
0	644
0	645
0	646
0	647
0	648
0	649
0	650
0	650
0	651
0	652
0	654
0	655
0	656
0	657
0	658
0	659
0	660
0	660
0	661
0	662
0	664
0	665
0	666
0	667
0	668
0	669
0	670
0	670
0	671
0	672
0	674
0	675
0	676
0	677
0	678
0	679
0	680
0	680
0	681
0	682
0	684
0	685
0	686
0	687
0	688
0	689
0	690
0	690
0	691
0	692
0	694
0	695
0	696
0	697
0	698
0	699
0	700
0	700
0	701
0	702
0	704
0	705
0	706
0	707
0	708
0	709
0	700
0	700
0	701
0	702
0	704
0	705
0	706
0	707
0	708
0	709
0	710
0	710
0	711
0	712
0	714
0	715
0	716
0	717
0	718
0	719
0	720
0	720
0	721
0	722
0	724
0	725
0	726
0	727
0	728
0	729
0	740
0	740
0	741
0	742
0	744
0	745
0	746
0	747
0	748
0	749
0	750
0	750
0	751
0	752
0	754
0	755
0	756
0	757
0	758
0	759
0	760
0	760
0	761
0	762
0	764
0	765
0	766
0	767
0	768
0	769
0	770
0	770
0	771
0	772
0	774
0	775
0	776
0	777
0	778
0	779
0	780
0	780
0	781
0	782
0	784
0	785
0	786
0	787
0	788
0	789
0	790
0	790
0	791
0	792
0	794
0	795
0	796
0	797
0	798
0	799
0	800
0	800
0	801
0	802
0	804
0	805
0	806
0	807
0	808
0	809
0	800
0	800
0	801
0	802
0	804
0	805
0	806
0	807
0	808
0	809
0	810
0	810
0	811
0	812
0	814
0	815
0	816
0	817
0	818
0	819
0	820
0	820
0	821
0	822
0	824
0	825
0	826
0	827
0	828
0	829
0	840
0	840
0	841
0	842
0	844
0	845
0	846
0	847
0	848
0	849
0	850
0	850
0	851
0	852
0	854
0	855
0	856
0	857
0	858
0	859
0	860
0	860
0	861
0	862
0	864
0	865
0	866
0	867
0	868
0	869
0	870
0	870
0	871
0	872
0	874
0	875
0	876
0	877
0	878
0	879
0	880
0	880
0	881
0	882
0	884
0	885
0	886
0	887
0	888
0	889
0	890
0	890
0	891
0	892
0	894
0	895
0	896
0	897
0	898
0	899
0	900
0	900
0	901
0	902
0	904
0	905
0	906
0	907
0	908
0	909
0	900
0	900
0	901
0	902
0	904
0	905
0	906
0	907
0	908
0	909
0	910
0	910
0	911
0	912
0	914
0	915
0	916
0	917
0	918
0	919
0	920
0	920
0	921
0	922
0	924
0	925
0	926
0	927
0	928
0	929
0	940
0	940
0	941
0	942
0	944
0	945
0	946
0	947
0	948
0	949
0	950
0	950
0	951
0	952
0	954
0	955
0	956
0	957
0	958
0	959
0	960
0	960
0	961
0	962
0	964
0	965
0	966
0	967
0	968
0	969
0	970
0	970
0	971
0	972
0	974
0	975
0	976
0	977
0	978
0	979
0	980
0	980
0	981
0	982
0	984
0	985
0	986
0	987
0	988
0	989
0	990
0	990
0	991
0	992
0	994
0	995
0	996
0	997
0	998
0	999
0	0000
0	0000
0	0001
0	0002
0	0004
0	0005
0	0006
0	0007
0	0008
0	0009
0	0000
0	0000
0	0001
0	0002
0	0004
0	0005
0	0006
0	0007
0	0008
0	0009
0	0010
0	0010
0	0011
0	0012
0	0014
0	0015
0	0016
0	0017
0	0018
0	0019
0	0020
0	0020
0	0021
0	0022
0	0024
0	0025
0	0026
0	0027
0	0028
0	0029
0	0040
0	0040
0	0041
0	0042
0	0044
0	0045
0	0046
0	0047
0	0048
0	0049
0	0050
0	0050
0	0051
0	0052
0	0054
0	0055
0	0056
0	0057
0	0058
0	0059
0	0060
0	0060
0	0061
0	0062
0	0064
0	0065
0	0066
0	0067
0	0068
0	0069
0	0070
0	0070
0	0071
0	0072
0	0074
0	0075
0	0076
0	0077
0	0078
0	0079
0	0080
0	0080
0	0081
0	0082
0	0084
0	0085
0	0086
0	0087
0	0088
0	0089
0	0090
0	0090
0	0091
0	0092
0	0094
0	0095
0	0096
0	0097
0	0098
0	0099
0	0000
0	0000
0	0001
0	0002
0	0004
0	0005
0	0006
0	0007
0	0008
0	0009
0	0000
0	0000
0	0001
0	0002
0	0004
0	0005
0	0006
0	0007
0	0008
0	0009
0	0010
0	0010
0	0011
0	0012
0	0014
0	0015
0	0016
0	0017
0	0018
0	0019
0	0020
0	0020
0	0021
0	0022
0	0024
0	0025
0	0026
0	0027
0	0028
0	0029
0	0040
0	0040
0	0041
0	0042
0	0044
0	0045
0	0046
0	0047
0	0048
0	0049
0	0050
0	0050
0	0051
0	0052
0	0054
0	0055
0	0056
0	0057
0	0058
0	0059
0	0060
0	0060
0	0061
0	0062
0	0064
0	0065
0	0066
0	0067
0	0068
0	0069
0	0070
0	0070
0	0071
0	0072
0	0074
0	0075
0	0076
0	0077
0	0078
0	0079
0	0080
0	0080
0	0081
0	0082
0	0084
0	0085
0	0086
0	0087
0	0088
0	0089
0	0090
0	0090
0	0091
0	0092
0	0094
0	0095
0	0096
0	0097
0	0098
0	0099
0	0100
0	0100
0	0101
0	0102
0	0104
0	0105
0	0106
0	0107
0	0108
0	0109
0	0100
0	0100
0	0101
0	0102
0	0104
0	0105
0	0106
0	0107
0	0108
0	0109
0	0110
0	0110
0	0111
0	0112
0	0114
0	0115
0	0116
0	0117
0	0118
0	0119
0	0120
0	0120
0	0121
0	0122
0	0124
0	0125
0	0126
0	0127
0	0128
0	0129
0	0140
0	0140
0	0141
0	0142
0	0144
0	0145
0	0146
0	0147
0	0148
0	0149
0	0150
0	0150
0	0151
0	0152
0	0154
0	0155
0	0156
0	0157
0	0158
0	0159
0	0160
0	0160
0	0161
0	0162
0	0164
0	0165
0	0166
0	0167
0	0168
0	0169
0	0170
0	0170
0	0171
0	0172
0	0174
0	0175
0	0176
0	0177
0	0178
0	0179
0	0180
0	0180
0	0181
0	0182
0	0184
0	0185
0	0186
0	0187
0	0188
0	0189
0	0190
0	0190
0	0191
0	0192
0	0194
0	0195
0	0196
0	0197
0	0198
0	0199
0	0200
0	0200
0	0201
0	0202
0	0204
0	0205
0	0206
0	0207
0	0208
0	0209
0	0200
0	0200
0	0201
0	0202
0	0204
0	0205
0	0206
0	0207
0	0208
0	0209
0	0210
0	0210
0	0211
0	0212
0	0214
0	0215
0	0216
0	0217
0	0218
0	0219
0	0220
0	0220
0	0221
0	0222
0	0224
0	0225
0	0226
0	0227
0	0228
0	0229
0	0240
0	0240
0	0241
0	0242
0	0244
0	0245
0	0246
0	0247
0	0248
0	0249
0	0250
0	0250
0	0251
0	0252
0	0254
0	0255
0	0256
0	0257
0	0258
0	0259
0	0260
0	0260
0	0261
0	0262
0	0264
0	0265
0	0266
0	0267
0	0268
0	0269
0	0270
0	0270
0	0271
0	0272
0	0274
0	0275
0	0276
0	0277
0	0278
0	0279
0	0280
0	0280
0	0281
0	0282
0	0284
0	0285
0	0286
0	0287
0	0288
0	0289
0	0290
0	0290
0	0291
0	0292
0	0294
0	0295
0	0296
0	0297
0	0298
0	0299
0	0400
0	0400
0	0401
0	0402
0	0404
0	0405
0	0406
0	0407
0	0408
0	0409
0	0400
0	0400
0	0401
0	0402
0	0404
0	0405
0	0406
0	0407
0	0408
0	0409
0	0410
0	0410
0	0411
0	0412
0	0414
0	0415
0	0416
0	0417
0	0418
0	0419
0	0420
0	0420
0	0421
0	0422
0	0424
0	0425
0	0426
0	0427
0	0428
0	0429
0	0440
0	0440
0	0441
0	0442
0	0444
0	0445
0	0446
0	0447
0	0448
0	0449
0	0450
0	0450
0	0451
0	0452
0	0454
0	0455
0	0456
0	0457
0	0458
0	0459
0	0460
0	0460
0	0461
0	0462
0	0464
0	0465
0	0466
0	0467
0	0468
0	0469
0	0470
0	0470
0	0471
0	0472
0	0474
0	0475
0	0476
0	0477
0	0478
0	0479
0	0480
0	0480
0	0481
0	0482
0	0484
0	0485
0	0486
0	0487
0	0488
0	0489
0	0490
0	0490
0	0491
0	0492
0	0494
0	0495
0	0496
0	0497
0	0498
0	0499
0	0500
0	0500
0	0501
0	0502
0	0504
0	0505
0	0506
0	0507
0	0508
0	0509
0	0500
0	0500
0	0501
0	0502
0	0504
0	0505
0	0506
0	0507
0	0508
0	0509
0	0510
0	0510
0	0511
0	0512
0	0514
0	0515
0	0516
0	0517
0	0518
0	0519
0	0520
0	0520
0	0521
0	0522
0	0524
0	0525
0	0526
0	0527
0	0528
0	0529
0	0540
0	0540
0	0541
0	0542
0	0544
0	0545
0	0546
0	0547
0	0548
0	0549
0	0550
0	0550
0	0551
0	0552
0	0554
0	0555
0	0556
0	0557
0	0558
0	0559
0	0560
0	0560
0	0561
0	0562
0	0564
0	0565
0	0566
0	0567
0	0568
0	0569
0	0570
0	0570
0	0571
0	0572
0	0574
0	0575
0	0576
0	0577
0	0578
0	0579
0	0580
0	0580
0	0581
0	0582
0	0584
0	0585
0	0586
0	0587
0	0588
0	0589
0	0590
0	0590
0	0591
0	0592
0	0594
0	0595
0	0596
0	0597
0	0598
0	0599
0	0600
0	0600
0	0601
0	0602
0	0604
0	0605
0	0606
0	0607
0	0608
0	0609
0	0600
0	0600
0	0601
0	0602
0	0604
0	0605
0	0606
0	0607
0	0608
0	0609
0	0610
0	0610
0	0611
0	0612
0	0614
0	0615
0	0616
0	0617
0	0618
0	0619
0	0620
0	0620
0	0621
0	0622
0	0624
0	0625
0	0626
0	0627
0	0628
0	0629
0	0640
0	0640
0	0641
0	0642
0	0644
0	0645
0	0646
0	0647
0	0648
0	0649
0	0650
0	0650
0	0651
0	0652
0	0654
0	0655
0	0656
0	0657
0	0658
0	0659
0	0660
0	0660
0	0661
0	0662
0	0664
0	0665
0	0666
0	0667
0	0668
0	0669
0	0670
0	0670
0	0671
0	0672
0	0674
0	0675
0	0676
0	0677
0	0678
0	0679
0	0680
0	0680
0	0681
0	0682
0	0684
0	0685
0	0686
0	0687
0	0688
0	0689
0	0690
0	0690
0	0691
0	0692
0	0694
0	0695
0	0696
0	0697
0	0698
0	0699
0	0700
0	0700
0	0701
0	0702
0	0704
0	0705
0	0706
0	0707
0	0708
0	0709
0	0700
0	0700
0	0701
0	0702
0	0704
0	0705
0	0706
0	0707
0	0708
0	0709
0	0710
0	0710
0	0711
0	0712
0	0714
0	0715
0	0716
0	0717
0	0718
0	0719
0	0720
0	0720
0	0721
0	0722
0	0724
0	0725
0	0726
0	0727
0	0728
0	0729
0	0740
0	0740
0	0741
0	0742
0	0744
0	0745
0	0746
0	0747
0	0748
0	0749
0	0750
0	0750
0	0751
0	0752
0	0754
0	0755
0	0756
0	0757
0	0758
0	0759
0	0760
0	0760
0	0761
0	0762
0	0764
0	0765
0	0766
0	0767
0	0768
0	0769
0	0770
0	0770
0	0771
0	0772
0	0774
0	0775
0	0776
0	0777
0	0778
0	0779
0	0780
0	0780
0	0781
0	0782
0	0784
0	0785
0	0786
0	0787
0	0788
0	0789
0	0790
0	0790
0	0791
0	0792
0	0794
0	0795
0	0796
0	0797
0	0798
0	0799
0	0800
0	0800
0	0801
0	0802
0	0804
0	0805
0	0806
0	0807
0	0808
0	0809
0	0800
0	0800
0	0801
0	0802
0	0804
0	0805
0	0806
0	0807
0	0808
0	0809
0	0810
0	0810
0	0811
0	0812
0	0814
0	0815
0	0816
0	0817
0	0818
0	0819
0	0820
0	0820
0	0821
0	0822
0	0824
0	0825
0	0826
0	0827
0	0828
0	0829
0	0840
0	0840
0	0841
0	0842
0	0844
0	0845
0	0846
0	0847
0	0848
0	0849
0	0850
0	0850
0	0851
0	0852
0	0854
0	0855
0	0856
0	0857
0	0858
0	0859
0	0860
0	0860
0	0861
0	0862
0	0864
0	0865
0	0866
0	0867
0	0868
0	0869
0	0870
0	0870
0	0871
0	0872
0	0874
0	0875
0	0876
0	0877
0	0878
0	0879
0	0880
0	0880
0	0881
0	0882
0	0884
0	0885
0	0886
0	0887
0	0888
0	0889
0	0890
0	0890
0	0891
0	0892
0	0894
0	0895
0	0896
0	0897
0	0898
0	0899
0	0900
0	0900
0	0901
0	0902
0	0904
0	0905
0	0906
0	0907
0	0908
0	0909
0	0900
0	0900
0	0901
0	0902
0	0904
0	0905
0	0906
0	0907
0	0908
0	0909
0	0910
0	0910
0	0911
0	0912
0	0914
0	0915
0	0916
0	0917
0	0918
0	0919
0	0920
0	0920
0	0921
0	0922
0	0924
0	0925
0	0926
0	0927
0	0928
0	0929
0	0940
0	0940
0	0941
0	0942
0	0944
0	0945
0	0946
0	0947
0	0948
0	0949
0	0950
0	0950
0	0951
0	0952
0	0954
0	0955
0	0956
0	0957
0	0958
0	0959
0	0960
0	0960
0	0961
0	0962
0	0964
0	0965
0	0966
0	0967
0	0968
0	0969
0	0970
0	0970
0	0971
0	0972
0	0974
0	0975
0	0976
0	0977
0	0978
0	0979
0	0980
0	0980
0	0981
0	0982
0	0984
0	0985
0	0986
0	0987
0	0988
0	0989
0	0990
0	0990
0	0991
0	0992
0	0994
0	0995
0	0996
0	0997
0	0998
0	0999
0	1000
0	1000
0	1001
0	1002
0	1004
0	1005
0	1006
0	1007
0	1008
0	1009
0	1000
0	1000
0	1001
0	1002
0	1004
0	1005
0	1006
0	1007
0	1008
0	1009
0	1010
0	1010
0	1011
0	1012
0	1014
0	1015
0	1016
0	1017
0	1018
0	1019
0	1020
0	1020
0	1021
0	1022
0	1024
0	1025
0	1026
0	1027
0	1028
0	1029
0	1040
0	1040
0	1041
0	1042
0	1044
0	1045
0	1046
0	1047
0	1048
0	1049
0	1050
0	1050
0	1051
0	1052
0	1054
0	1055
0	1056
0	1057
0	1058
0	1059
0	1060
0	1060
0	1061
0	1062
0	1064
0	1065
0	1066
0	1067
0	1068
0	1069
0	1070
0	1070
0	1071
0	1072
0	1074
0	1075
0	1076
0	1077
0	1078
0	1079
0	1080
0	1080
0	1081
0	1082
0	1084
0	1085
0	1086
0	1087
0	1088
0	1089
0	1090
0	1090
0	1091
0	1092
0	1094
0	1095
0	1096
0	1097
0	1098
0	1099
0	1000
0	1000
0	1001
0	1002
0	1004
0	1005
0	1006
0	1007
0	1008
0	1009
0	1000
0	1000
0	1001
0	1002
0	1004
0	1005
0	1006
0	1007
0	1008
0	1009
0	1010
0	1010
0	1011
0	1012
0	1014
0	1015
0	1016
0	1017
0	1018
0	1019
0	1020
0	1020
0	1021
0	1022
0	1024
0	1025
0	1026
0	1027
0	1028
0	1029
0	1040
0	1040
0	1041
0	1042
0	1044
0	1045
0	1046
0	1047
0	1048
0	1049
0	1050
0	1050
0	1051
0	1052
0	1054
0	1055
0	1056
0	1057
0	1058
0	1059
0	1060
0	1060
0	1061
0	1062
0	1064
0	1065
0	1066
0	1067
0	1068
0	1069
0	1070
0	1070
0	1071
0	1072
0	1074
0	1075
0	1076
0	1077
0	1078
0	1079
0	1080
0	1080
0	1081
0	1082
0	1084
0	1085
0	1086
0	1087
0	1088
0	1089
0	1090
0	1090
0	1091
0	1092
0	1094
0	1095
0	1096
0	1097
0	1098
0	1099
0	1100
0	1100
0	1101
0	1102
0	1104
0	1105
0	1106
0	1107
0	1108
0	1109
0	1100
0	1100
0	1101
0	1102
0	1104
0	1105
0	1106
0	1107
0	1108
0	1109
0	1110
0	1110
0	1111
0	1112
0	1114
0	1115
0	1116
0	1117
0	1118
0	1119
0	1120
0	1120
0	1121
0	1122
0	1124
0	1125
0	1126
0	1127
0	1128
0	1129
0	1140
0	1140
0	1141
0	1142
0	1144
0	1145
0	1146
0	1147
0	1148
0	1149
0	1150
0	1150
0	1151
0	1152
0	1154
0	1155
0	1156
0	1157
0	1158
0	1159
0	1160
0	1160
0	1161
0	1162
0	1164
0	1165
0	1166
0	1167
0	1168
0	1169
0	1170
0	1170
0	1171
0	1172
0	1174
0	1175
0	1176
0	1177
0	1178
0	1179
0	1180
0	1180
0	1181
0	1182
0	1184
0	1185
0	1186
0	1187
0	1188
0	1189
0	1190
0	1190
0	1191
0	1192
0	1194
0	1195
0	1196
0	1197
0	1198
0	1199
0	1200
0	1200
0	1201
0	1202
0	1204
0	1205
0	1206
0	1207
0	1208
0	1209
0	1200
0	1200
0	1201
0	1202
0	1204
0	1205
0	1206
0	1207
0	1208
0	1209
0	1210
0	1210
0	1211
0	1212
0	1214
0	1215
0	1216
0	1217
0	1218
0	1219
0	1220
0	1220
0	1221
0	1222
0	1224
0	1225
0	1226
0	1227
0	1228
0	1229
0	1240
0	1240
0	1241
0	1242
0	1244
0	1245
0	1246
0	1247
0	1248
0	1249
0	1250
0	1250
0	1251
0	1252
0	1254
0	1255
0	1256
0	1257
0	1258
0	1259
0	1260
0	1260
0	1261
0	1262
0	1264
0	1265
0	1266
0	1267
0	1268
0	1269
0	1270
0	1270
0	1271
0	1272
0	1274
0	1275
0	1276
0	1277
0	1278
0	1279
0	1280
0	1280
0	1281
0	1282
0	1284
0	1285
0	1286
0	1287
0	1288
0	1289
0	1290
0	1290
0	1291
0	1292
0	1294
0	1295
0	1296
0	1297
0	1298
0	1299
0	1400
0	1400
0	1401
0	1402
0	1404
0	1405
0	1406
0	1407
0	1408
0	1409
0	1400
0	1400
0	1401
0	1402
0	1404
0	1405
0	1406
0	1407
0	1408
0	1409
0	1410
0	1410
0	1411
0	1412
0	1414
0	1415
0	1416
0	1417
0	1418
0	1419
0	1420
0	1420
0	1421
0	1422
0	1424
0	1425
0	1426
0	1427
0	1428
0	1429
0	1440
0	1440
0	1441
0	1442
0	1444
0	1445
0	1446
0	1447
0	1448
0	1449
0	1450
0	1450
0	1451
0	1452
0	1454
0	1455
0	1456
0	1457
0	1458
0	1459
0	1460
0	1460
0	1461
0	1462
0	1464
0	1465
0	1466
0	1467
0	1468
0	1469
0	1470
0	1470
0	1471
0	1472
0	1474
0	1475
0	1476
0	1477
0	1478
0	1479
0	1480
0	1480
0	1481
0	1482
0	1484
0	1485
0	1486
0	1487
0	1488
0	1489
0	1490
0	1490
0	1491
0	1492
0	1494
0	1495
0	1496
0	1497
0	1498
0	1499
0	1500
0	1500
0	1501
0	1502
0	1504
0	1505
0	1506
0	1507
0	1508
0	1509
0	1500
0	1500
0	1501
0	1502
0	1504
0	1505
0	1506
0	1507
0	1508
0	1509
0	1510
0	1510
0	1511
0	1512
0	1514
0	1515
0	1516
0	1517
0	1518
0	1519
0	1520
0	1520
0	1521
0	1522
0	1524
0	1525
0	1526
0	1527
0	1528
0	1529
0	1540
0	1540
0	1541
0	1542
0	1544
0	1545
0	1546
0	1547
0	1548
0	1549
0	1550
0	1550
0	1551
0	1552
0	1554
0	1555
0	1556
0	1557
0	1558
0	1559
0	1560
0	1560
0	1561
0	1562
0	1564
0	1565
0	1566
0	1567
0	1568
0	1569
0	1570
0	1570
0	1571
0	1572
0	1574
0	1575
0	1576
0	1577
0	1578
0	1579
0	1580
0	1580
0	1581
0	1582
0	1584
0	1585
0	1586
0	1587
0	1588
0	1589
0	1590
0	1590
0	1591
0	1592
0	1594
0	1595
0	1596
0	1597
0	1598
0	1599
1	1600
1	1600
1	1601
1	1602
1	1604
1	1605
1	1606
1	1607
1	1608
1	1609
1	1600
1	1600
1	1601
1	1602
1	1604
1	1605
1	1606
1	1607
1	1608
1	1609
1	1610
1	1610
1	1611
1	1612
1	1614
1	1615
1	1616
1	1617
1	1618
1	1619
1	1620
1	1620
1	1621
1	1622
1	1624
1	1625
1	1626
1	1627
1	1628
1	1629
1	1640
1	1640
1	1641
1	1642
1	1644
1	1645
1	1646
1	1647
1	1648
1	1649
1	1650
1	1650
1	1651
1	1652
1	1654
1	1655
1	1656
1	1657
1	1658
1	1659
1	1660
1	1660
1	1661
1	1662
1	1664
1	1665
1	1666
1	1667
1	1668
1	1669
1	1670
1	1670
1	1671
1	1672
1	1674
1	1675
1	1676
1	1677
1	1678
1	1679
1	1680
1	1680
1	1681
1	1682
1	1684
1	1685
1	1686
1	1687
1	1688
1	1689
1	1690
1	1690
1	1691
1	1692
1	1694
1	1695
1	1696
1	1697
1	1698
1	1699
1	1700
1	1700
1	1701
1	1702
1	1704
1	1705
1	1706
1	1707
1	1708
1	1709
1	1700
1	1700
1	1701
1	1702
1	1704
1	1705
1	1706
1	1707
1	1708
1	1709
1	1710
1	1710
1	1711
1	1712
1	1714
1	1715
1	1716
1	1717
1	1718
1	1719
1	1720
1	1720
1	1721
1	1722
1	1724
1	1725
1	1726
1	1727
1	1728
1	1729
1	1740
1	1740
1	1741
1	1742
1	1744
1	1745
1	1746
1	1747
1	1748
1	1749
1	1750
1	1750
1	1751
1	1752
1	1754
1	1755
1	1756
1	1757
1	1758
1	1759
1	1760
1	1760
1	1761
1	1762
1	1764
1	1765
1	1766
1	1767
1	1768
1	1769
1	1770
1	1770
1	1771
1	1772
1	1774
1	1775
1	1776
1	1777
1	1778
1	1779
1	1780
1	1780
1	1781
1	1782
1	1784
1	1785
1	1786
1	1787
1	1788
1	1789
1	1790
1	1790
1	1791
1	1792
1	1794
1	1795
1	1796
1	1797
1	1798
1	1799
1	1800
1	1800
1	1801
1	1802
1	1804
1	1805
1	1806
1	1807
1	1808
1	1809
1	1800
1	1800
1	1801
1	1802
1	1804
1	1805
1	1806
1	1807
1	1808
1	1809
1	1810
1	1810
1	1811
1	1812
1	1814
1	1815
1	1816
1	1817
1	1818
1	1819
1	1820
1	1820
1	1821
1	1822
1	1824
1	1825
1	1826
1	1827
1	1828
1	1829
1	1840
1	1840
1	1841
1	1842
1	1844
1	1845
1	1846
1	1847
1	1848
1	1849
1	1850
1	1850
1	1851
1	1852
1	1854
1	1855
1	1856
1	1857
1	1858
1	1859
1	1860
1	1860
1	1861
1	1862
1	1864
1	1865
1	1866
1	1867
1	1868
1	1869
1	1870
1	1870
1	1871
1	1872
1	1874
1	1875
1	1876
1	1877
1	1878
1	1879
1	1880
1	1880
1	1881
1	1882
1	1884
1	1885
1	1886
1	1887
1	1888
1	1889
1	1890
1	1890
1	1891
1	1892
1	1894
1	1895
1	1896
1	1897
1	1898
1	1899
1	1900
1	1900
1	1901
1	1902
1	1904
1	1905
1	1906
1	1907
1	1908
1	1909
1	1900
1	1900
1	1901
1	1902
1	1904
1	1905
1	1906
1	1907
1	1908
1	1909
1	1910
1	1910
1	1911
1	1912
1	1914
1	1915
1	1916
1	1917
1	1918
1	1919
1	1920
1	1920
1	1921
1	1922
1	1924
1	1925
1	1926
1	1927
1	1928
1	1929
1	1940
1	1940
1	1941
1	1942
1	1944
1	1945
1	1946
1	1947
1	1948
1	1949
1	1950
1	1950
1	1951
1	1952
1	1954
1	1955
1	1956
1	1957
1	1958
1	1959
1	1960
1	1960
1	1961
1	1962
1	1964
1	1965
1	1966
1	1967
1	1968
1	1969
1	1970
1	1970
1	1971
1	1972
1	1974
1	1975
1	1976
1	1977
1	1978
1	1979
1	1980
1	1980
1	1981
1	1982
1	1984
1	1985
1	1986
1	1987
1	1988
1	1989
1	1990
1	1990
1	1991
1	1992
1	1994
1	1995
1	1996
1	1997
1	1998
1	1999
1	2000
1	2000
1	2001
1	2002
1	2004
1	2005
1	2006
1	2007
1	2008
1	2009
1	2000
1	2000
1	2001
1	2002
1	2004
1	2005
1	2006
1	2007
1	2008
1	2009
1	2010
1	2010
1	2011
1	2012
1	2014
1	2015
1	2016
1	2017
1	2018
1	2019
1	2020
1	2020
1	2021
1	2022
1	2024
1	2025
1	2026
1	2027
1	2028
1	2029
1	2040
1	2040
1	2041
1	2042
1	2044
1	2045
1	2046
1	2047
1	2048
1	2049
1	2050
1	2050
1	2051
1	2052
1	2054
1	2055
1	2056
1	2057
1	2058
1	2059
1	2060
1	2060
1	2061
1	2062
1	2064
1	2065
1	2066
1	2067
1	2068
1	2069
1	2070
1	2070
1	2071
1	2072
1	2074
1	2075
1	2076
1	2077
1	2078
1	2079
1	2080
1	2080
1	2081
1	2082
1	2084
1	2085
1	2086
1	2087
1	2088
1	2089
1	2090
1	2090
1	2091
1	2092
1	2094
1	2095
1	2096
1	2097
1	2098
1	2099
1	2000
1	2000
1	2001
1	2002
1	2004
1	2005
1	2006
1	2007
1	2008
1	2009
1	2000
1	2000
1	2001
1	2002
1	2004
1	2005
1	2006
1	2007
1	2008
1	2009
1	2010
1	2010
1	2011
1	2012
1	2014
1	2015
1	2016
1	2017
1	2018
1	2019
1	2020
1	2020
1	2021
1	2022
1	2024
1	2025
1	2026
1	2027
1	2028
1	2029
1	2040
1	2040
1	2041
1	2042
1	2044
1	2045
1	2046
1	2047
1	2048
1	2049
1	2050
1	2050
1	2051
1	2052
1	2054
1	2055
1	2056
1	2057
1	2058
1	2059
1	2060
1	2060
1	2061
1	2062
1	2064
1	2065
1	2066
1	2067
1	2068
1	2069
1	2070
1	2070
1	2071
1	2072
1	2074
1	2075
1	2076
1	2077
1	2078
1	2079
1	2080
1	2080
1	2081
1	2082
1	2084
1	2085
1	2086
1	2087
1	2088
1	2089
1	2090
1	2090
1	2091
1	2092
1	2094
1	2095
1	2096
1	2097
1	2098
1	2099
1	2100
1	2100
1	2101
1	2102
1	2104
1	2105
1	2106
1	2107
1	2108
1	2109
1	2100
1	2100
1	2101
1	2102
1	2104
1	2105
1	2106
1	2107
1	2108
1	2109
1	2110
1	2110
1	2111
1	2112
1	2114
1	2115
1	2116
1	2117
1	2118
1	2119
1	2120
1	2120
1	2121
1	2122
1	2124
1	2125
1	2126
1	2127
1	2128
1	2129
1	2140
1	2140
1	2141
1	2142
1	2144
1	2145
1	2146
1	2147
1	2148
1	2149
1	2150
1	2150
1	2151
1	2152
1	2154
1	2155
1	2156
1	2157
1	2158
1	2159
1	2160
1	2160
1	2161
1	2162
1	2164
1	2165
1	2166
1	2167
1	2168
1	2169
1	2170
1	2170
1	2171
1	2172
1	2174
1	2175
1	2176
1	2177
1	2178
1	2179
1	2180
1	2180
1	2181
1	2182
1	2184
1	2185
1	2186
1	2187
1	2188
1	2189
1	2190
1	2190
1	2191
1	2192
1	2194
1	2195
1	2196
1	2197
1	2198
1	2199
1	2200
1	2200
1	2201
1	2202
1	2204
1	2205
1	2206
1	2207
1	2208
1	2209
1	2200
1	2200
1	2201
1	2202
1	2204
1	2205
1	2206
1	2207
1	2208
1	2209
1	2210
1	2210
1	2211
1	2212
1	2214
1	2215
1	2216
1	2217
1	2218
1	2219
1	2220
1	2220
1	2221
1	2222
1	2224
1	2225
1	2226
1	2227
1	2228
1	2229
1	2240
1	2240
1	2241
1	2242
1	2244
1	2245
1	2246
1	2247
1	2248
1	2249
1	2250
1	2250
1	2251
1	2252
1	2254
1	2255
1	2256
1	2257
1	2258
1	2259
1	2260
1	2260
1	2261
1	2262
1	2264
1	2265
1	2266
1	2267
1	2268
1	2269
1	2270
1	2270
1	2271
1	2272
1	2274
2	2275
2	2276
2	2277
2	2278
2	2279
2	2280
2	2280
2	2281
2	2282
2	2284
2	2285
2	2286
2	2287
2	2288
2	2289
2	2290
2	2290
2	2291
2	2292
2	2294
2	2295
2	2296
2	2297
2	2298
2	2299
2	2400
2	2400
2	2401
2	2402
2	2404
2	2405
2	2406
2	2407
2	2408
2	2409
2	2400
2	2400
2	2401
2	2402
2	2404
2	2405
2	2406
2	2407
2	2408
2	2409
2	2410
2	2410
2	2411
2	2412
2	2414
2	2415
2	2416
2	2417
2	2418
2	2419
2	2420
2	2420
2	2421
2	2422
2	2424
2	2425
2	2426
2	2427
2	2428
2	2429
2	2440
2	2440
2	2441
2	2442
2	2444
2	2445
2	2446
2	2447
2	2448
2	2449
2	2450
2	2450
2	2451
2	2452
2	2454
2	2455
2	2456
2	2457
2	2458
2	2459
2	2460
2	2460
2	2461
2	2462
2	2464
2	2465
2	2466
2	2467
2	2468
2	2469
2	2470
2	2470
2	2471
2	2472
2	2474
2	2475
2	2476
2	2477
2	2478
2	2479
2	2480
2	2480
2	2481
2	2482
2	2484
2	2485
2	2486
2	2487
2	2488
2	2489
2	2490
2	2490
2	2491
2	2492
2	2494
2	2495
2	2496
2	2497
2	2498
2	2499
2	2500
2	2500
2	2501
2	2502
2	2504
2	2505
2	2506
2	2507
2	2508
2	2509
2	2500
2	2500
2	2501
2	2502
2	2504
2	2505
2	2506
2	2507
2	2508
2	2509
2	2510
2	2510
2	2511
2	2512
2	2514
2	2515
2	2516
2	2517
2	2518
2	2519
2	2520
2	2520
2	2521
2	2522
2	2524
2	2525
2	2526
2	2527
2	2528
2	2529
2	2540
2	2540
2	2541
2	2542
2	2544
2	2545
2	2546
2	2547
2	2548
2	2549
2	2550
2	2550
2	2551
2	2552
2	2554
2	2555
2	2556
2	2557
2	2558
2	2559
2	2560
2	2560
2	2561
2	2562
2	2564
2	2565
2	2566
2	2567
2	2568
2	2569
2	2570
2	2570
2	2571
2	2572
2	2574
2	2575
2	2576
2	2577
2	2578
2	2579
2	2580
2	2580
2	2581
2	2582
2	2584
2	2585
2	2586
2	2587
2	2588
2	2589
2	2590
2	2590
2	2591
2	2592
2	2594
2	2595
2	2596
2	2597
2	2598
2	2599
2	2600
2	2600
2	2601
2	2602
2	2604
2	2605
2	2606
2	2607
2	2608
2	2609
2	2600
2	2600
2	2601
2	2602
2	2604
2	2605
2	2606
2	2607
2	2608
2	2609
2	2610
2	2610
2	2611
2	2612
2	2614
2	2615
2	2616
2	2617
2	2618
2	2619
2	2620
2	2620
2	2621
2	2622
2	2624
2	2625
2	2626
2	2627
2	2628
2	2629
2	2640
2	2640
2	2641
2	2642
2	2644
2	2645
2	2646
2	2647
2	2648
2	2649
2	2650
2	2650
2	2651
2	2652
2	2654
2	2655
2	2656
2	2657
2	2658
2	2659
2	2660
2	2660
2	2661
2	2662
2	2664
2	2665
2	2666
2	2667
2	2668
2	2669
2	2670
2	2670
2	2671
2	2672
2	2674
2	2675
2	2676
2	2677
2	2678
2	2679
2	2680
2	2680
2	2681
2	2682
2	2684
2	2685
2	2686
2	2687
2	2688
2	2689
2	2690
2	2690
2	2691
2	2692
2	2694
2	2695
2	2696
2	2697
2	2698
2	2699
2	2700
2	2700
2	2701
2	2702
2	2704
2	2705
2	2706
2	2707
2	2708
2	2709
2	2700
2	2700
2	2701
2	2702
2	2704
2	2705
2	2706
2	2707
2	2708
2	2709
2	2710
2	2710
2	2711
2	2712
2	2714
2	2715
2	2716
2	2717
2	2718
2	2719
2	2720
2	2720
2	2721
2	2722
2	2724
2	2725
2	2726
2	2727
2	2728
2	2729
2	2740
2	2740
2	2741
2	2742
2	2744
2	2745
2	2746
2	2747
2	2748
2	2749
2	2750
2	2750
2	2751
2	2752
2	2754
2	2755
2	2756
2	2757
2	2758
2	2759
2	2760
2	2760
2	2761
2	2762
2	2764
2	2765
2	2766
2	2767
2	2768
2	2769
2	2770
2	2770
2	2771
2	2772
2	2774
2	2775
2	2776
2	2777
2	2778
2	2779
2	2780
2	2780
2	2781
2	2782
2	2784
2	2785
2	2786
2	2787
2	2788
2	2789
2	2790
2	2790
2	2791
2	2792
2	2794
2	2795
2	2796
2	2797
2	2798
2	2799
2	2800
2	2800
2	2801
2	2802
2	2804
2	2805
2	2806
2	2807
2	2808
2	2809
2	2800
2	2800
2	2801
2	2802
2	2804
2	2805
2	2806
2	2807
2	2808
2	2809
2	2810
2	2810
2	2811
2	2812
2	2814
2	2815
2	2816
2	2817
2	2818
2	2819
2	2820
2	2820
2	2821
2	2822
2	2824
2	2825
2	2826
2	2827
2	2828
2	2829
2	2840
2	2840
2	2841
2	2842
2	2844
2	2845
2	2846
2	2847
2	2848
2	2849
2	2850
2	2850
2	2851
2	2852
2	2854
2	2855
2	2856
2	2857
2	2858
2	2859
2	2860
2	2860
2	2861
2	2862
2	2864
2	2865
2	2866
2	2867
2	2868
2	2869
2	2870
2	2870
2	2871
2	2872
2	2874
2	2875
2	2876
2	2877
2	2878
2	2879
2	2880
2	2880
2	2881
2	2882
2	2884
2	2885
2	2886
2	2887
2	2888
2	2889
2	2890
2	2890
2	2891
2	2892
2	2894
2	2895
2	2896
2	2897
2	2898
2	2899
2	2900
2	2900
2	2901
2	2902
2	2904
2	2905
2	2906
2	2907
2	2908
2	2909
2	2900
2	2900
2	2901
2	2902
2	2904
2	2905
2	2906
2	2907
2	2908
2	2909
2	2910
2	2910
2	2911
2	2912
2	2914
2	2915
2	2916
2	2917
2	2918
2	2919
2	2920
2	2920
2	2921
2	2922
2	2924
2	2925
2	2926
2	2927
2	2928
2	2929
2	2940
2	2940
2	2941
2	2942
2	2944
2	2945
2	2946
2	2947
2	2948
2	2949
2	2950
2	2950
2	2951
2	2952
2	2954
2	2955
2	2956
2	2957
2	2958
2	2959
2	2960
2	2960
2	2961
2	2962
2	2964
2	2965
2	2966
2	2967
2	2968
2	2969
2	2970
2	2970
2	2971
2	2972
2	2974
2	2975
2	2976
2	2977
2	2978
2	2979
2	2980
2	2980
2	2981
2	2982
2	2984
2	2985
2	2986
2	2987
2	2988
2	2989
2	2990
2	2990
2	2991
2	2992
2	2994
2	2995
2	2996
2	2997
2	2998
2	2999
2	4000
2	4000
2	4001
2	4002
2	4004
2	4005
2	4006
2	4007
2	4008
2	4009
2	4000
2	4000
2	4001
2	4002
2	4004
2	4005
2	4006
2	4007
2	4008
2	4009
2	4010
2	4010
2	4011
2	4012
2	4014
2	4015
2	4016
2	4017
2	4018
2	4019
2	4020
2	4020
2	4021
2	4022
2	4024
2	4025
2	4026
2	4027
2	4028
2	4029
2	4040
2	4040
2	4041
2	4042
2	4044
2	4045
2	4046
2	4047
2	4048
2	4049
2	4050
2	4050
2	4051
2	4052
2	4054
2	4055
2	4056
2	4057
2	4058
2	4059
2	4060
2	4060
2	4061
2	4062
2	4064
2	4065
2	4066
2	4067
2	4068
2	4069
2	4070
2	4070
2	4071
2	4072
2	4074
2	4075
2	4076
2	4077
2	4078
2	4079
2	4080
2	4080
2	4081
2	4082
2	4084
2	4085
2	4086
2	4087
2	4088
2	4089
2	4090
2	4090
2	4091
2	4092
2	4094
2	4095
2	4096
2	4097
2	4098
2	4099
2	4000
2	4000
2	4001
2	4002
2	4004
2	4005
2	4006
2	4007
2	4008
2	4009
2	4000
2	4000
2	4001
2	4002
2	4004
2	4005
2	4006
2	4007
2	4008
2	4009
2	4010
2	4010
2	4011
2	4012
2	4014
2	4015
2	4016
2	4017
2	4018
2	4019
2	4020
2	4020
2	4021
2	4022
2	4024
2	4025
2	4026
2	4027
2	4028
2	4029
2	4040
2	4040
2	4041
2	4042
2	4044
2	4045
2	4046
2	4047
2	4048
2	4049
2	4050
2	4050
2	4051
2	4052
2	4054
2	4055
2	4056
2	4057
2	4058
2	4059
2	4060
2	4060
2	4061
2	4062
2	4064
2	4065
2	4066
2	4067
2	4068
2	4069
2	4070
2	4070
2	4071
2	4072
2	4074
2	4075
2	4076
2	4077
2	4078
2	4079
2	4080
2	4080
2	4081
2	4082
2	4084
2	4085
2	4086
2	4087
2	4088
2	4089
2	4090
2	4090
2	4091
2	4092
2	4094
2	4095
2	4096
2	4097
2	4098
2	4099
2	4100
2	4100
2	4101
2	4102
2	4104
2	4105
2	4106
2	4107
2	4108
2	4109
2	4100
2	4100
2	4101
2	4102
2	4104
2	4105
2	4106
2	4107
2	4108
2	4109
2	4110
2	4110
2	4111
2	4112
2	4114
2	4115
2	4116
2	4117
2	4118
2	4119
2	4120
2	4120
2	4121
2	4122
2	4124
2	4125
2	4126
2	4127
2	4128
2	4129
2	4140
2	4140
2	4141
2	4142
2	4144
2	4145
2	4146
2	4147
2	4148
2	4149
2	4150
2	4150
2	4151
2	4152
2	4154
2	4155
2	4156
2	4157
2	4158
2	4159
2	4160
2	4160
2	4161
2	4162
2	4164
2	4165
2	4166
2	4167
2	4168
2	4169
2	4170
2	4170
2	4171
2	4172
2	4174
2	4175
2	4176
2	4177
2	4178
2	4179
2	4180
2	4180
2	4181
2	4182
2	4184
2	4185
2	4186
2	4187
2	4188
2	4189
2	4190
2	4190
2	4191
2	4192
2	4194
2	4195
2	4196
2	4197
2	4198
2	4199
2	4200
2	4200
2	4201
2	4202
2	4204
2	4205
2	4206
2	4207
2	4208
2	4209
2	4200
2	4200
2	4201
2	4202
2	4204
2	4205
2	4206
2	4207
2	4208
2	4209
2	4210
2	4210
2	4211
2	4212
2	4214
2	4215
2	4216
2	4217
2	4218
2	4219
2	4220
2	4220
2	4221
2	4222
2	4224
2	4225
2	4226
2	4227
2	4228
2	4229
2	4240
2	4240
2	4241
2	4242
2	4244
2	4245
2	4246
2	4247
2	4248
2	4249
2	4250
2	4250
2	4251
2	4252
2	4254
2	4255
2	4256
2	4257
2	4258
2	4259
2	4260
2	4260
2	4261
2	4262
2	4264
2	4265
2	4266
2	4267
2	4268
2	4269
2	4270
2	4270
2	4271
2	4272
2	4274
2	4275
2	4276
2	4277
2	4278
2	4279
2	4280
2	4280
2	4281
2	4282
2	4284
2	4285
2	4286
2	4287
2	4288
2	4289
2	4290
2	4290
2	4291
2	4292
2	4294
2	4295
2	4296
2	4297
2	4298
2	4299
2	4400
2	4400
2	4401
2	4402
2	4404
2	4405
2	4406
2	4407
2	4408
2	4409
2	4400
2	4400
2	4401
2	4402
2	4404
2	4405
2	4406
2	4407
2	4408
2	4409
2	4410
2	4410
2	4411
2	4412
2	4414
2	4415
2	4416
2	4417
2	4418
2	4419
2	4420
2	4420
2	4421
2	4422
2	4424
2	4425
2	4426
2	4427
2	4428
2	4429
2	4440
2	4440
2	4441
2	4442
2	4444
2	4445
2	4446
2	4447
2	4448
2	4449
2	4450
2	4450
2	4451
2	4452
2	4454
2	4455
2	4456
2	4457
2	4458
2	4459
2	4460
2	4460
2	4461
2	4462
2	4464
2	4465
2	4466
2	4467
2	4468
2	4469
2	4470
2	4470
2	4471
2	4472
2	4474
2	4475
2	4476
2	4477
2	4478
2	4479
2	4480
2	4480
2	4481
2	4482
2	4484
2	4485
2	4486
2	4487
2	4488
2	4489
2	4490
2	4490
2	4491
2	4492
2	4494
2	4495
2	4496
2	4497
2	4498
2	4499
2	4500
2	4500
2	4501
2	4502
2	4504
2	4505
2	4506
2	4507
2	4508
2	4509
2	4500
2	4500
2	4501
2	4502
2	4504
2	4505
2	4506
2	4507
2	4508
2	4509
2	4510
2	4510
2	4511
2	4512
2	4514
2	4515
2	4516
2	4517
2	4518
2	4519
2	4520
2	4520
2	4521
2	4522
2	4524
2	4525
2	4526
2	4527
2	4528
2	4529
2	4540
2	4540
2	4541
2	4542
2	4544
2	4545
2	4546
2	4547
2	4548
2	4549
2	4550
2	4550
2	4551
2	4552
2	4554
2	4555
2	4556
2	4557
2	4558
2	4559
2	4560
2	4560
2	4561
2	4562
2	4564
2	4565
2	4566
2	4567
2	4568
2	4569
2	4570
2	4570
2	4571
2	4572
2	4574
2	4575
2	4576
2	4577
2	4578
2	4579
2	4580
2	4580
2	4581
2	4582
2	4584
2	4585
2	4586
2	4587
2	4588
2	4589
2	4590
2	4590
2	4591
2	4592
2	4594
2	4595
2	4596
2	4597
2	4598
2	4599
2	4600
2	4600
2	4601
2	4602
2	4604
2	4605
2	4606
2	4607
2	4608
2	4609
2	4600
2	4600
2	4601
2	4602
2	4604
2	4605
2	4606
2	4607
2	4608
2	4609
2	4610
2	4610
2	4611
2	4612
2	4614
2	4615
2	4616
2	4617
2	4618
2	4619
2	4620
2	4620
2	4621
2	4622
2	4624
2	4625
2	4626
2	4627
2	4628
2	4629
2	4640
2	4640
2	4641
2	4642
2	4644
2	4645
2	4646
2	4647
2	4648
2	4649
2	4650
2	4650
2	4651
2	4652
2	4654
2	4655
2	4656
2	4657
2	4658
2	4659
2	4660
2	4660
2	4661
2	4662
2	4664
2	4665
2	4666
2	4667
2	4668
2	4669
2	4670
2	4670
2	4671
2	4672
2	4674
2	4675
2	4676
2	4677
2	4678
2	4679
2	4680
2	4680
2	4681
2	4682
2	4684
2	4685
2	4686
2	4687
2	4688
2	4689
2	4690
2	4690
2	4691
2	4692
2	4694
2	4695
2	4696
2	4697
2	4698
2	4699
2	4700
2	4700
2	4701
2	4702
2	4704
2	4705
2	4706
2	4707
2	4708
2	4709
2	4700
2	4700
2	4701
2	4702
2	4704
2	4705
2	4706
2	4707
2	4708
2	4709
2	4710
2	4710
2	4711
2	4712
2	4714
2	4715
2	4716
2	4717
2	4718
2	4719
2	4720
2	4720
2	4721
2	4722
2	4724
2	4725
2	4726
2	4727
2	4728
2	4729
2	4740
2	4740
2	4741
2	4742
2	4744
2	4745
2	4746
2	4747
2	4748
2	4749
2	4750
2	4750
2	4751
2	4752
2	4754
2	4755
2	4756
2	4757
2	4758
2	4759
2	4760
2	4760
2	4761
2	4762
2	4764
2	4765
2	4766
2	4767
2	4768
2	4769
2	4770
2	4770
2	4771
2	4772
2	4774
2	4775
2	4776
2	4777
2	4778
2	4779
2	4780
2	4780
2	4781
2	4782
2	4784
2	4785
2	4786
2	4787
2	4788
2	4789
2	4790
2	4790
2	4791
2	4792
2	4794
2	4795
2	4796
2	4797
2	4798
2	4799
2	4800
2	4800
2	4801
2	4802
2	4804
2	4805
2	4806
2	4807
2	4808
2	4809
2	4800
2	4800
2	4801
2	4802
2	4804
2	4805
2	4806
2	4807
2	4808
2	4809
2	4810
2	4810
2	4811
2	4812
2	4814
2	4815
2	4816
2	4817
2	4818
2	4819
2	4820
2	4820
2	4821
2	4822
2	4824
2	4825
2	4826
2	4827
2	4828
2	4829
2	4840
2	4840
2	4841
2	4842
2	4844
2	4845
2	4846
2	4847
2	4848
2	4849
2	4850
2	4850
2	4851
2	4852
2	4854
2	4855
2	4856
2	4857
2	4858
2	4859
2	4860
2	4860
2	4861
2	4862
2	4864
2	4865
2	4866
2	4867
2	4868
2	4869
2	4870
2	4870
2	4871
2	4872
2	4874
2	4875
2	4876
2	4877
2	4878
2	4879
2	4880
2	4880
2	4881
2	4882
2	4884
2	4885
2	4886
2	4887
2	4888
2	4889
2	4890
2	4890
2	4891
2	4892
2	4894
2	4895
2	4896
2	4897
2	4898
2	4899
2	4900
2	4900
2	4901
2	4902
2	4904
2	4905
2	4906
2	4907
2	4908
2	4909
2	4900
2	4900
2	4901
2	4902
2	4904
2	4905
2	4906
2	4907
2	4908
2	4909
2	4910
2	4910
2	4911
2	4912
2	4914
2	4915
2	4916
2	4917
2	4918
2	4919
2	4920
2	4920
2	4921
2	4922
2	4924
2	4925
2	4926
2	4927
2	4928
2	4929
2	4940
2	4940
2	4941
2	4942
2	4944
2	4945
2	4946
2	4947
2	4948
2	4949
2	4950
2	4950
2	4951
2	4952
2	4954
2	4955
2	4956
2	4957
2	4958
2	4959
2	4960
2	4960
2	4961
2	4962
2	4964
2	4965
2	4966
2	4967
2	4968
2	4969
2	4970
2	4970
2	4971
2	4972
2	4974
2	4975
2	4976
2	4977
2	4978
2	4979
2	4980
2	4980
2	4981
2	4982
2	4984
2	4985
2	4986
2	4987
2	4988
2	4989
2	4990
2	4990
2	4991
2	4992
2	4994
2	4995
2	4996
2	4997
2	4998
2	4999
