0	0
0	0
0	1
0	2
0	3
0	4
0	6
0	7
0	8
0	9
0	00
0	00
0	01
0	02
0	03
0	04
0	06
0	07
0	08
0	09
0	10
0	10
0	11
0	12
0	13
0	14
0	16
0	17
0	18
0	19
0	20
0	20
0	21
0	22
0	23
0	24
0	26
0	27
0	28
0	29
0	30
0	30
0	31
0	32
0	33
0	34
0	36
0	37
0	38
0	39
0	40
0	40
0	41
0	42
0	43
0	44
0	46
0	47
0	48
0	49
0	60
0	60
0	61
0	62
0	63
0	64
0	66
0	67
0	68
0	69
0	70
0	70
0	71
0	72
0	73
0	74
0	76
0	77
0	78
0	79
0	80
0	80
0	81
0	82
0	83
0	84
0	86
0	87
0	88
0	89
0	90
0	90
0	91
0	92
0	93
0	94
0	96
0	97
0	98
0	99
0	000
0	000
0	001
0	002
0	003
0	004
0	006
0	007
0	008
0	009
0	000
0	000
0	001
0	002
0	003
0	004
0	006
0	007
0	008
0	009
0	010
0	010
0	011
0	012
0	013
0	014
0	016
0	017
0	018
0	019
0	020
0	020
0	021
0	022
0	023
0	024
0	026
0	027
0	028
0	029
0	030
0	030
0	031
0	032
0	033
0	034
0	036
0	037
0	038
0	039
0	040
0	040
0	041
0	042
0	043
0	044
0	046
0	047
0	048
0	049
0	060
0	060
0	061
0	062
0	063
0	064
0	066
0	067
0	068
0	069
0	070
0	070
0	071
0	072
0	073
0	074
0	076
0	077
0	078
0	079
0	080
0	080
0	081
0	082
0	083
0	084
0	086
0	087
0	088
0	089
0	090
0	090
0	091
0	092
0	093
0	094
0	096
0	097
0	098
0	099
0	100
0	100
0	101
0	102
0	103
0	104
0	106
0	107
0	108
0	109
0	100
0	100
0	101
0	102
0	103
0	104
0	106
0	107
0	108
0	109
0	110
0	110
0	111
0	112
0	113
0	114
0	116
0	117
0	118
0	119
0	120
0	120
0	121
0	122
0	123
0	124
0	126
0	127
0	128
0	129
0	130
0	130
0	131
0	132
0	133
0	134
0	136
0	137
0	138
0	139
0	140
0	140
0	141
0	142
0	143
0	144
0	146
0	147
0	148
0	149
0	160
0	160
0	161
0	162
0	163
0	164
0	166
0	167
0	168
0	169
0	170
0	170
0	171
0	172
0	173
0	174
0	176
0	177
0	178
0	179
0	180
0	180
0	181
0	182
0	183
0	184
0	186
0	187
0	188
0	189
0	190
0	190
0	191
0	192
0	193
0	194
0	196
0	197
0	198
0	199
0	200
0	200
0	201
0	202
0	203
0	204
0	206
0	207
0	208
0	209
0	200
0	200
0	201
0	202
0	203
0	204
0	206
0	207
0	208
0	209
0	210
0	210
0	211
0	212
0	213
0	214
0	216
0	217
0	218
0	219
0	220
0	220
0	221
0	222
0	223
0	224
0	226
0	227
0	228
0	229
0	230
0	230
0	231
0	232
0	233
0	234
0	236
0	237
0	238
0	239
0	240
0	240
0	241
0	242
0	243
0	244
0	246
0	247
0	248
0	249
0	260
0	260
0	261
0	262
0	263
0	264
0	266
0	267
0	268
0	269
0	270
0	270
0	271
0	272
0	273
0	274
0	276
0	277
0	278
0	279
0	280
0	280
0	281
0	282
0	283
0	284
0	286
0	287
0	288
0	289
0	290
0	290
0	291
0	292
0	293
0	294
0	296
0	297
0	298
0	299
0	300
0	300
0	301
0	302
0	303
0	304
0	306
0	307
0	308
0	309
0	300
0	300
0	301
0	302
0	303
0	304
0	306
0	307
0	308
0	309
0	310
0	310
0	311
0	312
0	313
0	314
0	316
0	317
0	318
0	319
0	320
0	320
0	321
0	322
0	323
0	324
0	326
0	327
0	328
0	329
0	330
0	330
0	331
0	332
0	333
0	334
0	336
0	337
0	338
0	339
0	340
0	340
0	341
0	342
0	343
0	344
0	346
0	347
0	348
0	349
0	360
0	360
0	361
0	362
0	363
0	364
0	366
0	367
0	368
0	369
0	370
0	370
0	371
0	372
0	373
0	374
0	376
0	377
0	378
0	379
0	380
0	380
0	381
0	382
0	383
0	384
0	386
0	387
0	388
0	389
0	390
0	390
0	391
0	392
0	393
0	394
0	396
0	397
0	398
0	399
0	400
0	400
0	401
0	402
0	403
0	404
0	406
0	407
0	408
0	409
0	400
0	400
0	401
0	402
0	403
0	404
0	406
0	407
0	408
0	409
0	410
0	410
0	411
0	412
0	413
0	414
0	416
0	417
0	418
0	419
0	420
0	420
0	421
0	422
0	423
0	424
0	426
0	427
0	428
0	429
0	430
0	430
0	431
0	432
0	433
0	434
0	436
0	437
0	438
0	439
0	440
0	440
0	441
0	442
0	443
0	444
0	446
0	447
0	448
0	449
0	460
0	460
0	461
0	462
0	463
0	464
0	466
0	467
0	468
0	469
0	470
0	470
0	471
0	472
0	473
0	474
0	476
0	477
0	478
0	479
0	480
0	480
0	481
0	482
0	483
0	484
0	486
0	487
0	488
0	489
0	490
0	490
0	491
0	492
0	493
0	494
0	496
0	497
0	498
0	499
0	600
0	600
0	601
0	602
0	603
0	604
0	606
0	607
0	608
0	609
0	600
0	600
0	601
0	602
0	603
0	604
0	606
0	607
0	608
0	609
0	610
0	610
0	611
0	612
0	613
0	614
0	616
0	617
0	618
0	619
0	620
0	620
0	621
0	622
0	623
0	624
0	626
0	627
0	628
0	629
0	630
0	630
0	631
0	632
0	633
0	634
0	636
0	637
0	638
0	639
0	640
0	640
0	641
0	642
0	643
0	644
0	646
0	647
0	648
0	649
0	660
0	660
0	661
0	662
0	663
0	664
0	666
0	667
0	668
0	669
0	670
0	670
0	671
0	672
0	673
0	674
0	676
0	677
0	678
0	679
0	680
0	680
0	681
0	682
0	683
0	684
0	686
0	687
0	688
0	689
0	690
0	690
0	691
0	692
0	693
0	694
0	696
0	697
0	698
0	699
0	700
0	700
0	701
0	702
0	703
0	704
0	706
0	707
0	708
0	709
0	700
0	700
0	701
0	702
0	703
0	704
0	706
0	707
0	708
0	709
0	710
0	710
0	711
0	712
0	713
0	714
0	716
0	717
0	718
0	719
0	720
0	720
0	721
0	722
0	723
0	724
0	726
0	727
0	728
0	729
0	730
0	730
0	731
0	732
0	733
0	734
0	736
0	737
0	738
0	739
0	740
0	740
0	741
0	742
0	743
0	744
0	746
0	747
0	748
0	749
0	760
0	760
0	761
0	762
0	763
0	764
0	766
0	767
0	768
0	769
0	770
0	770
0	771
0	772
0	773
0	774
0	776
0	777
0	778
0	779
0	780
0	780
0	781
0	782
0	783
0	784
0	786
0	787
0	788
0	789
0	790
0	790
0	791
0	792
0	793
0	794
0	796
0	797
0	798
0	799
0	800
0	800
0	801
0	802
0	803
0	804
0	806
0	807
0	808
0	809
0	800
0	800
0	801
0	802
0	803
0	804
0	806
0	807
0	808
0	809
0	810
0	810
0	811
0	812
0	813
0	814
0	816
0	817
0	818
0	819
0	820
0	820
0	821
0	822
0	823
0	824
0	826
0	827
0	828
0	829
0	830
0	830
0	831
0	832
0	833
0	834
0	836
0	837
0	838
0	839
0	840
0	840
0	841
0	842
0	843
0	844
0	846
0	847
0	848
0	849
0	860
0	860
0	861
0	862
0	863
0	864
0	866
0	867
0	868
0	869
0	870
0	870
0	871
0	872
0	873
0	874
0	876
0	877
0	878
0	879
0	880
0	880
0	881
0	882
0	883
0	884
0	886
0	887
0	888
0	889
0	890
0	890
0	891
0	892
0	893
0	894
0	896
0	897
0	898
0	899
0	900
0	900
0	901
0	902
0	903
0	904
0	906
0	907
0	908
0	909
0	900
0	900
0	901
0	902
0	903
0	904
0	906
0	907
0	908
0	909
0	910
0	910
0	911
0	912
0	913
0	914
0	916
0	917
0	918
0	919
0	920
0	920
0	921
0	922
0	923
0	924
0	926
0	927
0	928
0	929
0	930
0	930
0	931
0	932
0	933
0	934
0	936
0	937
0	938
0	939
0	940
0	940
0	941
0	942
0	943
0	944
0	946
0	947
0	948
0	949
0	960
0	960
0	961
0	962
0	963
0	964
0	966
0	967
0	968
0	969
0	970
0	970
0	971
0	972
0	973
0	974
0	976
0	977
0	978
0	979
0	980
0	980
0	981
0	982
0	983
0	984
0	986
0	987
0	988
0	989
0	990
0	990
0	991
0	992
0	993
0	994
0	996
0	997
0	998
0	999
3	0000
3	0000
3	0001
3	0002
3	0003
3	0004
3	0006
3	0007
3	0008
3	0009
3	0000
3	0000
3	0001
3	0002
3	0003
3	0004
3	0006
3	0007
3	0008
3	0009
3	0010
3	0010
3	0011
3	0012
3	0013
3	0014
3	0016
3	0017
3	0018
3	0019
3	0020
3	0020
3	0021
3	0022
3	0023
3	0024
3	0026
3	0027
3	0028
3	0029
3	0030
3	0030
3	0031
3	0032
3	0033
3	0034
3	0036
3	0037
3	0038
3	0039
3	0040
3	0040
3	0041
3	0042
3	0043
3	0044
3	0046
3	0047
3	0048
3	0049
3	0060
3	0060
3	0061
3	0062
3	0063
3	0064
3	0066
3	0067
3	0068
3	0069
3	0070
3	0070
3	0071
3	0072
3	0073
3	0074
3	0076
3	0077
3	0078
3	0079
3	0080
3	0080
3	0081
3	0082
3	0083
3	0084
3	0086
3	0087
3	0088
3	0089
3	0090
3	0090
3	0091
3	0092
3	0093
3	0094
3	0096
3	0097
3	0098
3	0099
3	0000
3	0000
3	0001
3	0002
3	0003
3	0004
3	0006
3	0007
3	0008
3	0009
3	0000
3	0000
3	0001
3	0002
3	0003
3	0004
3	0006
3	0007
3	0008
3	0009
3	0010
3	0010
3	0011
3	0012
3	0013
3	0014
3	0016
3	0017
3	0018
3	0019
3	0020
3	0020
3	0021
3	0022
3	0023
3	0024
3	0026
3	0027
3	0028
3	0029
3	0030
3	0030
3	0031
3	0032
3	0033
3	0034
3	0036
3	0037
3	0038
3	0039
3	0040
3	0040
3	0041
3	0042
3	0043
3	0044
3	0046
3	0047
3	0048
3	0049
3	0060
3	0060
3	0061
3	0062
3	0063
3	0064
3	0066
3	0067
3	0068
3	0069
3	0070
3	0070
3	0071
3	0072
3	0073
3	0074
3	0076
3	0077
3	0078
3	0079
3	0080
3	0080
3	0081
3	0082
3	0083
3	0084
3	0086
3	0087
3	0088
3	0089
3	0090
3	0090
3	0091
3	0092
3	0093
3	0094
3	0096
3	0097
3	0098
3	0099
3	0100
3	0100
3	0101
3	0102
3	0103
3	0104
3	0106
3	0107
3	0108
3	0109
3	0100
3	0100
3	0101
3	0102
3	0103
3	0104
3	0106
3	0107
3	0108
3	0109
3	0110
3	0110
3	0111
3	0112
3	0113
3	0114
3	0116
3	0117
3	0118
3	0119
3	0120
3	0120
3	0121
3	0122
3	0123
3	0124
3	0126
3	0127
3	0128
3	0129
3	0130
3	0130
3	0131
3	0132
3	0133
3	0134
3	0136
3	0137
3	0138
3	0139
3	0140
3	0140
3	0141
3	0142
3	0143
3	0144
3	0146
3	0147
3	0148
3	0149
3	0160
3	0160
3	0161
3	0162
3	0163
3	0164
3	0166
3	0167
3	0168
3	0169
3	0170
3	0170
3	0171
3	0172
3	0173
3	0174
3	0176
3	0177
3	0178
3	0179
3	0180
3	0180
3	0181
3	0182
3	0183
3	0184
3	0186
3	0187
3	0188
3	0189
3	0190
3	0190
3	0191
3	0192
3	0193
3	0194
3	0196
3	0197
3	0198
3	0199
3	0200
3	0200
3	0201
3	0202
3	0203
3	0204
3	0206
3	0207
3	0208
3	0209
3	0200
3	0200
3	0201
3	0202
3	0203
3	0204
3	0206
3	0207
3	0208
3	0209
3	0210
3	0210
3	0211
3	0212
3	0213
3	0214
3	0216
3	0217
3	0218
3	0219
3	0220
3	0220
3	0221
3	0222
3	0223
3	0224
3	0226
3	0227
3	0228
3	0229
3	0230
3	0230
3	0231
3	0232
3	0233
3	0234
3	0236
3	0237
3	0238
3	0239
3	0240
3	0240
3	0241
3	0242
3	0243
3	0244
3	0246
3	0247
3	0248
3	0249
3	0260
3	0260
3	0261
3	0262
3	0263
3	0264
3	0266
3	0267
3	0268
3	0269
3	0270
3	0270
3	0271
3	0272
3	0273
3	0274
3	0276
3	0277
3	0278
3	0279
3	0280
3	0280
3	0281
3	0282
3	0283
3	0284
3	0286
3	0287
3	0288
3	0289
3	0290
3	0290
3	0291
3	0292
3	0293
3	0294
3	0296
3	0297
3	0298
3	0299
3	0300
3	0300
3	0301
3	0302
3	0303
3	0304
3	0306
3	0307
3	0308
3	0309
3	0300
3	0300
3	0301
3	0302
3	0303
3	0304
3	0306
3	0307
3	0308
3	0309
3	0310
3	0310
3	0311
3	0312
3	0313
3	0314
3	0316
3	0317
3	0318
3	0319
3	0320
3	0320
3	0321
3	0322
3	0323
3	0324
3	0326
3	0327
3	0328
3	0329
3	0330
3	0330
3	0331
3	0332
3	0333
3	0334
3	0336
3	0337
3	0338
3	0339
3	0340
3	0340
3	0341
3	0342
3	0343
3	0344
3	0346
3	0347
3	0348
3	0349
3	0360
3	0360
3	0361
3	0362
3	0363
3	0364
3	0366
3	0367
3	0368
3	0369
3	0370
3	0370
3	0371
3	0372
3	0373
3	0374
3	0376
3	0377
3	0378
3	0379
3	0380
3	0380
3	0381
3	0382
3	0383
3	0384
3	0386
3	0387
3	0388
3	0389
3	0390
3	0390
3	0391
3	0392
3	0393
3	0394
3	0396
3	0397
3	0398
3	0399
3	0400
3	0400
3	0401
3	0402
3	0403
3	0404
3	0406
3	0407
3	0408
3	0409
3	0400
3	0400
3	0401
3	0402
3	0403
3	0404
3	0406
3	0407
3	0408
3	0409
3	0410
3	0410
3	0411
3	0412
3	0413
3	0414
3	0416
3	0417
3	0418
3	0419
3	0420
3	0420
3	0421
3	0422
3	0423
3	0424
3	0426
3	0427
3	0428
3	0429
3	0430
3	0430
3	0431
3	0432
3	0433
3	0434
3	0436
3	0437
3	0438
3	0439
3	0440
3	0440
3	0441
3	0442
3	0443
3	0444
3	0446
3	0447
3	0448
3	0449
3	0460
3	0460
3	0461
3	0462
3	0463
3	0464
3	0466
3	0467
3	0468
3	0469
3	0470
3	0470
3	0471
3	0472
3	0473
3	0474
3	0476
3	0477
3	0478
3	0479
3	0480
3	0480
3	0481
3	0482
3	0483
3	0484
3	0486
3	0487
3	0488
3	0489
3	0490
3	0490
3	0491
3	0492
3	0493
3	0494
3	0496
3	0497
3	0498
3	0499
3	0600
3	0600
3	0601
3	0602
3	0603
3	0604
3	0606
3	0607
3	0608
3	0609
3	0600
3	0600
3	0601
3	0602
3	0603
3	0604
3	0606
3	0607
3	0608
3	0609
3	0610
3	0610
3	0611
3	0612
3	0613
3	0614
3	0616
3	0617
3	0618
3	0619
3	0620
3	0620
3	0621
3	0622
3	0623
3	0624
3	0626
3	0627
3	0628
3	0629
3	0630
3	0630
3	0631
3	0632
3	0633
3	0634
3	0636
3	0637
3	0638
3	0639
3	0640
3	0640
3	0641
3	0642
3	0643
3	0644
3	0646
3	0647
3	0648
3	0649
3	0660
3	0660
3	0661
3	0662
3	0663
3	0664
3	0666
3	0667
3	0668
3	0669
3	0670
3	0670
3	0671
3	0672
3	0673
3	0674
3	0676
3	0677
3	0678
3	0679
3	0680
3	0680
3	0681
3	0682
3	0683
3	0684
3	0686
3	0687
3	0688
3	0689
3	0690
3	0690
3	0691
3	0692
3	0693
3	0694
3	0696
3	0697
3	0698
3	0699
3	0700
3	0700
3	0701
3	0702
3	0703
3	0704
3	0706
3	0707
3	0708
3	0709
3	0700
3	0700
3	0701
3	0702
3	0703
3	0704
3	0706
3	0707
3	0708
3	0709
3	0710
3	0710
3	0711
3	0712
3	0713
3	0714
3	0716
3	0717
3	0718
3	0719
3	0720
3	0720
3	0721
3	0722
3	0723
3	0724
3	0726
3	0727
3	0728
3	0729
3	0730
3	0730
3	0731
3	0732
3	0733
3	0734
3	0736
3	0737
3	0738
3	0739
3	0740
3	0740
3	0741
3	0742
3	0743
3	0744
3	0746
3	0747
3	0748
3	0749
3	0760
3	0760
3	0761
3	0762
3	0763
3	0764
3	0766
3	0767
3	0768
3	0769
3	0770
3	0770
3	0771
3	0772
3	0773
3	0774
3	0776
3	0777
3	0778
3	0779
3	0780
3	0780
3	0781
3	0782
3	0783
3	0784
3	0786
3	0787
3	0788
3	0789
3	0790
3	0790
3	0791
3	0792
3	0793
3	0794
3	0796
3	0797
3	0798
3	0799
3	0800
3	0800
3	0801
3	0802
3	0803
3	0804
3	0806
3	0807
3	0808
3	0809
3	0800
3	0800
3	0801
3	0802
3	0803
3	0804
3	0806
3	0807
3	0808
3	0809
3	0810
3	0810
3	0811
3	0812
3	0813
3	0814
3	0816
3	0817
3	0818
3	0819
3	0820
3	0820
3	0821
3	0822
3	0823
3	0824
3	0826
3	0827
3	0828
3	0829
3	0830
3	0830
3	0831
3	0832
3	0833
3	0834
3	0836
3	0837
3	0838
3	0839
3	0840
3	0840
3	0841
3	0842
3	0843
3	0844
3	0846
3	0847
3	0848
3	0849
3	0860
3	0860
3	0861
3	0862
3	0863
3	0864
3	0866
3	0867
3	0868
3	0869
3	0870
3	0870
3	0871
3	0872
3	0873
3	0874
3	0876
3	0877
3	0878
3	0879
3	0880
3	0880
3	0881
3	0882
3	0883
3	0884
3	0886
3	0887
3	0888
3	0889
3	0890
3	0890
3	0891
3	0892
3	0893
3	0894
3	0896
3	0897
3	0898
3	0899
3	0900
3	0900
3	0901
3	0902
3	0903
3	0904
3	0906
3	0907
3	0908
3	0909
3	0900
3	0900
3	0901
3	0902
3	0903
3	0904
3	0906
3	0907
3	0908
3	0909
3	0910
3	0910
3	0911
3	0912
3	0913
3	0914
3	0916
3	0917
3	0918
3	0919
3	0920
3	0920
3	0921
3	0922
3	0923
3	0924
3	0926
3	0927
3	0928
3	0929
3	0930
3	0930
3	0931
3	0932
3	0933
3	0934
3	0936
3	0937
3	0938
3	0939
3	0940
3	0940
3	0941
3	0942
3	0943
3	0944
3	0946
3	0947
3	0948
3	0949
3	0960
3	0960
3	0961
3	0962
3	0963
3	0964
3	0966
3	0967
3	0968
3	0969
3	0970
3	0970
3	0971
3	0972
3	0973
3	0974
3	0976
3	0977
3	0978
3	0979
3	0980
3	0980
3	0981
3	0982
3	0983
3	0984
3	0986
3	0987
3	0988
3	0989
3	0990
3	0990
3	0991
3	0992
3	0993
3	0994
3	0996
3	0997
3	0998
3	0999
2	1000
2	1000
2	1001
2	1002
2	1003
2	1004
2	1006
2	1007
2	1008
2	1009
2	1000
2	1000
2	1001
2	1002
2	1003
2	1004
2	1006
2	1007
2	1008
2	1009
2	1010
2	1010
2	1011
2	1012
2	1013
2	1014
2	1016
2	1017
2	1018
2	1019
2	1020
2	1020
2	1021
2	1022
2	1023
2	1024
2	1026
2	1027
2	1028
2	1029
2	1030
2	1030
2	1031
2	1032
2	1033
2	1034
2	1036
2	1037
2	1038
2	1039
2	1040
2	1040
2	1041
2	1042
2	1043
2	1044
2	1046
2	1047
2	1048
2	1049
2	1060
2	1060
2	1061
2	1062
2	1063
2	1064
2	1066
2	1067
2	1068
2	1069
2	1070
2	1070
2	1071
2	1072
2	1073
2	1074
2	1076
2	1077
2	1078
2	1079
2	1080
2	1080
2	1081
2	1082
2	1083
2	1084
2	1086
2	1087
2	1088
2	1089
2	1090
2	1090
2	1091
2	1092
2	1093
2	1094
2	1096
2	1097
2	1098
2	1099
2	1000
2	1000
2	1001
2	1002
2	1003
2	1004
2	1006
2	1007
2	1008
2	1009
2	1000
2	1000
2	1001
2	1002
2	1003
2	1004
2	1006
2	1007
2	1008
2	1009
2	1010
2	1010
2	1011
2	1012
2	1013
2	1014
2	1016
2	1017
2	1018
2	1019
2	1020
2	1020
2	1021
2	1022
2	1023
2	1024
2	1026
2	1027
2	1028
2	1029
2	1030
2	1030
2	1031
2	1032
2	1033
2	1034
2	1036
2	1037
2	1038
2	1039
2	1040
2	1040
2	1041
2	1042
2	1043
2	1044
2	1046
2	1047
2	1048
2	1049
2	1060
2	1060
2	1061
2	1062
2	1063
2	1064
2	1066
2	1067
2	1068
2	1069
2	1070
2	1070
2	1071
2	1072
2	1073
2	1074
2	1076
2	1077
2	1078
2	1079
2	1080
2	1080
2	1081
2	1082
2	1083
2	1084
2	1086
2	1087
2	1088
2	1089
2	1090
2	1090
2	1091
2	1092
2	1093
2	1094
2	1096
2	1097
2	1098
2	1099
2	1100
2	1100
2	1101
2	1102
2	1103
2	1104
2	1106
2	1107
2	1108
2	1109
2	1100
2	1100
2	1101
2	1102
2	1103
2	1104
2	1106
2	1107
2	1108
2	1109
2	1110
2	1110
2	1111
2	1112
2	1113
2	1114
2	1116
2	1117
2	1118
2	1119
2	1120
2	1120
2	1121
2	1122
2	1123
2	1124
2	1126
2	1127
2	1128
2	1129
2	1130
2	1130
2	1131
2	1132
2	1133
2	1134
2	1136
2	1137
2	1138
2	1139
2	1140
2	1140
2	1141
2	1142
2	1143
2	1144
2	1146
2	1147
2	1148
2	1149
2	1160
2	1160
2	1161
2	1162
2	1163
2	1164
2	1166
2	1167
2	1168
2	1169
2	1170
2	1170
2	1171
2	1172
2	1173
2	1174
2	1176
2	1177
2	1178
2	1179
2	1180
2	1180
2	1181
2	1182
2	1183
2	1184
2	1186
2	1187
2	1188
2	1189
2	1190
2	1190
2	1191
2	1192
2	1193
2	1194
2	1196
2	1197
2	1198
2	1199
2	1200
2	1200
2	1201
2	1202
2	1203
2	1204
2	1206
2	1207
2	1208
2	1209
2	1200
2	1200
2	1201
2	1202
2	1203
2	1204
2	1206
2	1207
2	1208
2	1209
2	1210
2	1210
2	1211
2	1212
2	1213
2	1214
2	1216
2	1217
2	1218
2	1219
2	1220
2	1220
2	1221
2	1222
2	1223
2	1224
2	1226
2	1227
2	1228
2	1229
2	1230
2	1230
2	1231
2	1232
2	1233
2	1234
2	1236
2	1237
2	1238
2	1239
2	1240
2	1240
2	1241
2	1242
2	1243
2	1244
2	1246
2	1247
2	1248
2	1249
2	1260
2	1260
2	1261
2	1262
2	1263
2	1264
2	1266
2	1267
2	1268
2	1269
2	1270
2	1270
2	1271
2	1272
2	1273
2	1274
2	1276
2	1277
2	1278
2	1279
2	1280
2	1280
2	1281
2	1282
2	1283
2	1284
2	1286
2	1287
2	1288
2	1289
2	1290
2	1290
2	1291
2	1292
2	1293
2	1294
2	1296
2	1297
2	1298
2	1299
2	1300
2	1300
2	1301
2	1302
2	1303
2	1304
2	1306
2	1307
2	1308
2	1309
2	1300
2	1300
2	1301
2	1302
2	1303
2	1304
2	1306
2	1307
2	1308
2	1309
2	1310
2	1310
2	1311
2	1312
2	1313
2	1314
2	1316
2	1317
2	1318
2	1319
2	1320
2	1320
2	1321
2	1322
2	1323
2	1324
2	1326
2	1327
2	1328
2	1329
2	1330
2	1330
2	1331
2	1332
2	1333
2	1334
2	1336
2	1337
2	1338
2	1339
2	1340
2	1340
2	1341
2	1342
2	1343
2	1344
2	1346
2	1347
2	1348
2	1349
2	1360
2	1360
2	1361
2	1362
2	1363
2	1364
2	1366
2	1367
2	1368
2	1369
2	1370
2	1370
2	1371
2	1372
2	1373
2	1374
2	1376
2	1377
2	1378
2	1379
2	1380
2	1380
2	1381
2	1382
2	1383
2	1384
2	1386
2	1387
2	1388
2	1389
2	1390
2	1390
2	1391
2	1392
2	1393
2	1394
2	1396
2	1397
2	1398
2	1399
2	1400
2	1400
2	1401
2	1402
2	1403
2	1404
2	1406
2	1407
2	1408
2	1409
2	1400
2	1400
2	1401
2	1402
2	1403
2	1404
2	1406
2	1407
2	1408
2	1409
2	1410
2	1410
2	1411
2	1412
2	1413
2	1414
2	1416
2	1417
2	1418
2	1419
2	1420
2	1420
2	1421
2	1422
2	1423
2	1424
2	1426
2	1427
2	1428
2	1429
2	1430
2	1430
2	1431
2	1432
2	1433
2	1434
2	1436
2	1437
2	1438
2	1439
2	1440
2	1440
2	1441
2	1442
2	1443
2	1444
2	1446
2	1447
2	1448
2	1449
2	1460
2	1460
2	1461
2	1462
2	1463
2	1464
2	1466
2	1467
2	1468
2	1469
2	1470
2	1470
2	1471
2	1472
2	1473
2	1474
2	1476
2	1477
2	1478
2	1479
2	1480
2	1480
2	1481
2	1482
2	1483
2	1484
2	1486
2	1487
2	1488
2	1489
2	1490
2	1490
2	1491
2	1492
2	1493
2	1494
2	1496
2	1497
2	1498
2	1499
2	1600
2	1600
2	1601
2	1602
2	1603
2	1604
2	1606
2	1607
2	1608
2	1609
2	1600
2	1600
2	1601
2	1602
2	1603
2	1604
2	1606
2	1607
2	1608
2	1609
2	1610
2	1610
2	1611
2	1612
2	1613
2	1614
2	1616
2	1617
2	1618
2	1619
2	1620
2	1620
2	1621
2	1622
2	1623
2	1624
2	1626
2	1627
2	1628
2	1629
2	1630
2	1630
2	1631
2	1632
2	1633
2	1634
2	1636
2	1637
2	1638
2	1639
2	1640
2	1640
2	1641
2	1642
2	1643
2	1644
2	1646
2	1647
2	1648
2	1649
2	1660
2	1660
2	1661
2	1662
2	1663
2	1664
2	1666
2	1667
2	1668
2	1669
2	1670
2	1670
2	1671
2	1672
2	1673
2	1674
2	1676
2	1677
2	1678
2	1679
2	1680
2	1680
2	1681
2	1682
2	1683
2	1684
2	1686
2	1687
2	1688
2	1689
2	1690
2	1690
2	1691
2	1692
2	1693
2	1694
2	1696
2	1697
2	1698
2	1699
2	1700
2	1700
2	1701
2	1702
2	1703
2	1704
2	1706
2	1707
2	1708
2	1709
2	1700
2	1700
2	1701
2	1702
2	1703
2	1704
2	1706
2	1707
2	1708
2	1709
2	1710
2	1710
2	1711
2	1712
2	1713
2	1714
2	1716
2	1717
2	1718
2	1719
2	1720
2	1720
2	1721
2	1722
2	1723
2	1724
2	1726
2	1727
2	1728
2	1729
2	1730
2	1730
2	1731
2	1732
2	1733
2	1734
2	1736
2	1737
2	1738
2	1739
2	1740
2	1740
2	1741
2	1742
2	1743
2	1744
2	1746
2	1747
2	1748
2	1749
2	1760
2	1760
2	1761
2	1762
2	1763
2	1764
2	1766
2	1767
2	1768
2	1769
2	1770
2	1770
2	1771
2	1772
2	1773
2	1774
2	1776
2	1777
2	1778
2	1779
2	1780
2	1780
2	1781
2	1782
2	1783
2	1784
2	1786
2	1787
2	1788
2	1789
2	1790
2	1790
2	1791
2	1792
2	1793
2	1794
2	1796
2	1797
2	1798
2	1799
2	1800
2	1800
2	1801
2	1802
2	1803
2	1804
2	1806
2	1807
2	1808
2	1809
2	1800
2	1800
2	1801
2	1802
2	1803
2	1804
2	1806
2	1807
2	1808
2	1809
2	1810
2	1810
2	1811
2	1812
2	1813
2	1814
2	1816
2	1817
2	1818
2	1819
2	1820
2	1820
2	1821
2	1822
2	1823
2	1824
2	1826
2	1827
2	1828
2	1829
2	1830
2	1830
2	1831
2	1832
2	1833
2	1834
2	1836
2	1837
2	1838
2	1839
2	1840
2	1840
2	1841
2	1842
2	1843
2	1844
2	1846
2	1847
2	1848
2	1849
2	1860
2	1860
2	1861
2	1862
2	1863
2	1864
2	1866
2	1867
2	1868
2	1869
2	1870
2	1870
2	1871
2	1872
2	1873
2	1874
2	1876
2	1877
2	1878
2	1879
2	1880
2	1880
2	1881
2	1882
2	1883
2	1884
2	1886
2	1887
2	1888
2	1889
2	1890
2	1890
2	1891
2	1892
2	1893
2	1894
2	1896
2	1897
2	1898
2	1899
2	1900
2	1900
2	1901
2	1902
2	1903
2	1904
2	1906
2	1907
2	1908
2	1909
2	1900
2	1900
2	1901
2	1902
2	1903
2	1904
2	1906
2	1907
2	1908
2	1909
2	1910
2	1910
2	1911
2	1912
2	1913
2	1914
2	1916
2	1917
2	1918
2	1919
2	1920
2	1920
2	1921
2	1922
2	1923
2	1924
2	1926
2	1927
2	1928
2	1929
2	1930
2	1930
2	1931
2	1932
2	1933
2	1934
2	1936
2	1937
2	1938
2	1939
2	1940
2	1940
2	1941
2	1942
2	1943
2	1944
2	1946
2	1947
2	1948
2	1949
2	1960
2	1960
2	1961
2	1962
2	1963
2	1964
2	1966
2	1967
2	1968
2	1969
2	1970
2	1970
2	1971
2	1972
2	1973
2	1974
2	1976
2	1977
2	1978
2	1979
2	1980
2	1980
2	1981
2	1982
2	1983
2	1984
2	1986
2	1987
2	1988
2	1989
2	1990
2	1990
2	1991
2	1992
2	1993
2	1994
2	1996
2	1997
2	1998
2	1999
4	2000
4	2000
4	2001
4	2002
4	2003
4	2004
4	2006
4	2007
4	2008
4	2009
4	2000
4	2000
4	2001
4	2002
4	2003
4	2004
4	2006
4	2007
4	2008
4	2009
4	2010
4	2010
4	2011
4	2012
4	2013
4	2014
4	2016
4	2017
4	2018
4	2019
4	2020
4	2020
4	2021
4	2022
4	2023
4	2024
4	2026
4	2027
4	2028
4	2029
4	2030
4	2030
4	2031
4	2032
4	2033
4	2034
4	2036
4	2037
4	2038
4	2039
4	2040
4	2040
4	2041
4	2042
4	2043
4	2044
4	2046
4	2047
4	2048
4	2049
4	2060
4	2060
4	2061
4	2062
4	2063
4	2064
4	2066
4	2067
4	2068
4	2069
4	2070
4	2070
4	2071
4	2072
4	2073
4	2074
4	2076
4	2077
4	2078
4	2079
4	2080
4	2080
4	2081
4	2082
4	2083
4	2084
4	2086
4	2087
4	2088
4	2089
4	2090
4	2090
4	2091
4	2092
4	2093
4	2094
4	2096
4	2097
4	2098
4	2099
4	2000
4	2000
4	2001
4	2002
4	2003
4	2004
4	2006
4	2007
4	2008
4	2009
4	2000
4	2000
4	2001
4	2002
4	2003
4	2004
4	2006
4	2007
4	2008
4	2009
4	2010
4	2010
4	2011
4	2012
4	2013
4	2014
4	2016
4	2017
4	2018
4	2019
4	2020
4	2020
4	2021
4	2022
4	2023
4	2024
4	2026
4	2027
4	2028
4	2029
4	2030
4	2030
4	2031
4	2032
4	2033
4	2034
4	2036
4	2037
4	2038
4	2039
4	2040
4	2040
4	2041
4	2042
4	2043
4	2044
4	2046
4	2047
4	2048
4	2049
4	2060
4	2060
4	2061
4	2062
4	2063
4	2064
4	2066
4	2067
4	2068
4	2069
4	2070
4	2070
4	2071
4	2072
4	2073
4	2074
4	2076
4	2077
4	2078
4	2079
4	2080
4	2080
4	2081
4	2082
4	2083
4	2084
4	2086
4	2087
4	2088
4	2089
4	2090
4	2090
4	2091
4	2092
4	2093
4	2094
4	2096
4	2097
4	2098
4	2099
4	2100
4	2100
4	2101
4	2102
4	2103
4	2104
4	2106
4	2107
4	2108
4	2109
4	2100
4	2100
4	2101
4	2102
4	2103
4	2104
4	2106
4	2107
4	2108
4	2109
4	2110
4	2110
4	2111
4	2112
4	2113
4	2114
4	2116
4	2117
4	2118
4	2119
4	2120
4	2120
4	2121
4	2122
4	2123
4	2124
4	2126
4	2127
4	2128
4	2129
4	2130
4	2130
4	2131
4	2132
4	2133
4	2134
4	2136
4	2137
4	2138
4	2139
4	2140
4	2140
4	2141
4	2142
4	2143
4	2144
4	2146
4	2147
4	2148
4	2149
4	2160
4	2160
4	2161
4	2162
4	2163
4	2164
4	2166
4	2167
4	2168
4	2169
4	2170
4	2170
4	2171
4	2172
4	2173
4	2174
4	2176
4	2177
4	2178
4	2179
4	2180
4	2180
4	2181
4	2182
4	2183
4	2184
4	2186
4	2187
4	2188
4	2189
4	2190
4	2190
4	2191
4	2192
4	2193
4	2194
4	2196
4	2197
4	2198
4	2199
4	2200
4	2200
4	2201
4	2202
4	2203
4	2204
4	2206
4	2207
4	2208
4	2209
4	2200
4	2200
4	2201
4	2202
4	2203
4	2204
4	2206
4	2207
4	2208
4	2209
4	2210
4	2210
4	2211
4	2212
4	2213
4	2214
4	2216
4	2217
4	2218
4	2219
4	2220
4	2220
4	2221
4	2222
4	2223
4	2224
4	2226
4	2227
4	2228
4	2229
4	2230
4	2230
4	2231
4	2232
4	2233
4	2234
4	2236
4	2237
4	2238
4	2239
4	2240
4	2240
4	2241
4	2242
4	2243
4	2244
4	2246
4	2247
4	2248
4	2249
4	2260
4	2260
4	2261
4	2262
4	2263
4	2264
4	2266
4	2267
4	2268
4	2269
4	2270
4	2270
4	2271
4	2272
4	2273
4	2274
4	2276
4	2277
4	2278
4	2279
4	2280
4	2280
4	2281
4	2282
4	2283
4	2284
4	2286
4	2287
4	2288
4	2289
4	2290
4	2290
4	2291
4	2292
4	2293
4	2294
4	2296
4	2297
4	2298
4	2299
4	2300
4	2300
4	2301
4	2302
4	2303
4	2304
4	2306
4	2307
4	2308
4	2309
4	2300
4	2300
4	2301
4	2302
4	2303
4	2304
4	2306
4	2307
4	2308
4	2309
4	2310
4	2310
4	2311
4	2312
4	2313
4	2314
4	2316
4	2317
4	2318
4	2319
4	2320
4	2320
4	2321
4	2322
4	2323
4	2324
4	2326
4	2327
4	2328
4	2329
4	2330
4	2330
4	2331
4	2332
4	2333
4	2334
4	2336
4	2337
4	2338
4	2339
4	2340
4	2340
4	2341
4	2342
4	2343
4	2344
4	2346
4	2347
4	2348
4	2349
4	2360
4	2360
4	2361
4	2362
4	2363
4	2364
4	2366
4	2367
4	2368
4	2369
4	2370
4	2370
4	2371
4	2372
4	2373
4	2374
4	2376
4	2377
4	2378
4	2379
4	2380
4	2380
4	2381
4	2382
4	2383
4	2384
4	2386
4	2387
4	2388
4	2389
4	2390
4	2390
4	2391
4	2392
4	2393
4	2394
4	2396
4	2397
4	2398
4	2399
4	2400
4	2400
4	2401
4	2402
4	2403
4	2404
4	2406
4	2407
4	2408
4	2409
4	2400
4	2400
4	2401
4	2402
4	2403
4	2404
4	2406
4	2407
4	2408
4	2409
4	2410
4	2410
4	2411
4	2412
4	2413
4	2414
4	2416
4	2417
4	2418
4	2419
4	2420
4	2420
4	2421
4	2422
4	2423
4	2424
4	2426
4	2427
4	2428
4	2429
4	2430
4	2430
4	2431
4	2432
4	2433
4	2434
4	2436
4	2437
4	2438
4	2439
4	2440
4	2440
4	2441
4	2442
4	2443
4	2444
4	2446
4	2447
4	2448
4	2449
4	2460
4	2460
4	2461
4	2462
4	2463
4	2464
4	2466
4	2467
4	2468
4	2469
4	2470
4	2470
4	2471
4	2472
4	2473
4	2474
4	2476
4	2477
4	2478
4	2479
4	2480
4	2480
4	2481
4	2482
4	2483
4	2484
4	2486
4	2487
4	2488
4	2489
4	2490
4	2490
4	2491
4	2492
4	2493
4	2494
4	2496
4	2497
4	2498
4	2499
4	2600
4	2600
4	2601
4	2602
4	2603
4	2604
4	2606
4	2607
4	2608
4	2609
4	2600
4	2600
4	2601
4	2602
4	2603
4	2604
4	2606
4	2607
4	2608
4	2609
4	2610
4	2610
4	2611
4	2612
4	2613
4	2614
4	2616
4	2617
4	2618
4	2619
4	2620
4	2620
4	2621
4	2622
4	2623
4	2624
4	2626
4	2627
4	2628
4	2629
4	2630
4	2630
4	2631
4	2632
4	2633
4	2634
4	2636
4	2637
4	2638
4	2639
4	2640
4	2640
4	2641
4	2642
4	2643
4	2644
4	2646
4	2647
4	2648
4	2649
4	2660
4	2660
4	2661
4	2662
4	2663
4	2664
4	2666
4	2667
4	2668
4	2669
4	2670
4	2670
4	2671
4	2672
4	2673
4	2674
4	2676
4	2677
4	2678
4	2679
4	2680
4	2680
4	2681
4	2682
4	2683
4	2684
4	2686
4	2687
4	2688
4	2689
4	2690
4	2690
4	2691
4	2692
4	2693
4	2694
4	2696
4	2697
4	2698
4	2699
4	2700
4	2700
4	2701
4	2702
4	2703
4	2704
4	2706
4	2707
4	2708
4	2709
4	2700
4	2700
4	2701
4	2702
4	2703
4	2704
4	2706
4	2707
4	2708
4	2709
4	2710
4	2710
4	2711
4	2712
4	2713
4	2714
4	2716
4	2717
4	2718
4	2719
4	2720
4	2720
4	2721
4	2722
4	2723
4	2724
4	2726
4	2727
4	2728
4	2729
4	2730
4	2730
4	2731
4	2732
4	2733
4	2734
4	2736
4	2737
4	2738
4	2739
4	2740
4	2740
4	2741
4	2742
4	2743
4	2744
4	2746
4	2747
4	2748
4	2749
4	2760
4	2760
4	2761
4	2762
4	2763
4	2764
4	2766
4	2767
4	2768
4	2769
4	2770
4	2770
4	2771
4	2772
4	2773
4	2774
4	2776
4	2777
4	2778
4	2779
4	2780
4	2780
4	2781
4	2782
4	2783
4	2784
4	2786
4	2787
4	2788
4	2789
4	2790
4	2790
4	2791
4	2792
4	2793
4	2794
4	2796
4	2797
4	2798
4	2799
4	2800
4	2800
4	2801
4	2802
4	2803
4	2804
4	2806
4	2807
4	2808
4	2809
4	2800
4	2800
4	2801
4	2802
4	2803
4	2804
4	2806
4	2807
4	2808
4	2809
4	2810
4	2810
4	2811
4	2812
4	2813
4	2814
4	2816
4	2817
4	2818
4	2819
4	2820
4	2820
4	2821
4	2822
4	2823
4	2824
4	2826
4	2827
4	2828
4	2829
4	2830
4	2830
4	2831
4	2832
4	2833
4	2834
4	2836
4	2837
4	2838
4	2839
4	2840
4	2840
4	2841
4	2842
4	2843
4	2844
4	2846
4	2847
4	2848
4	2849
4	2860
4	2860
4	2861
4	2862
4	2863
4	2864
4	2866
4	2867
4	2868
4	2869
4	2870
4	2870
4	2871
4	2872
4	2873
4	2874
4	2876
4	2877
4	2878
4	2879
4	2880
4	2880
4	2881
4	2882
4	2883
4	2884
4	2886
4	2887
4	2888
4	2889
4	2890
4	2890
4	2891
4	2892
4	2893
4	2894
4	2896
4	2897
4	2898
4	2899
4	2900
4	2900
4	2901
4	2902
4	2903
4	2904
4	2906
4	2907
4	2908
4	2909
4	2900
4	2900
4	2901
4	2902
4	2903
4	2904
4	2906
4	2907
4	2908
4	2909
4	2910
4	2910
4	2911
4	2912
4	2913
4	2914
4	2916
4	2917
4	2918
4	2919
4	2920
4	2920
4	2921
4	2922
4	2923
4	2924
4	2926
4	2927
4	2928
4	2929
4	2930
4	2930
4	2931
4	2932
4	2933
4	2934
4	2936
4	2937
4	2938
4	2939
4	2940
4	2940
4	2941
4	2942
4	2943
4	2944
4	2946
4	2947
4	2948
4	2949
4	2960
4	2960
4	2961
4	2962
4	2963
4	2964
4	2966
4	2967
4	2968
4	2969
4	2970
4	2970
4	2971
4	2972
4	2973
4	2974
4	2976
4	2977
4	2978
4	2979
4	2980
4	2980
4	2981
4	2982
4	2983
4	2984
4	2986
4	2987
4	2988
4	2989
4	2990
4	2990
4	2991
4	2992
4	2993
4	2994
4	2996
4	2997
4	2998
1	2999
1	3000
1	3000
1	3001
1	3002
1	3003
1	3004
1	3006
1	3007
1	3008
1	3009
1	3000
1	3000
1	3001
1	3002
1	3003
1	3004
1	3006
1	3007
1	3008
1	3009
1	3010
1	3010
1	3011
1	3012
1	3013
1	3014
1	3016
1	3017
1	3018
1	3019
1	3020
1	3020
1	3021
1	3022
1	3023
1	3024
1	3026
1	3027
1	3028
1	3029
1	3030
1	3030
1	3031
1	3032
1	3033
1	3034
1	3036
1	3037
1	3038
1	3039
1	3040
1	3040
1	3041
1	3042
1	3043
1	3044
1	3046
1	3047
1	3048
1	3049
1	3060
1	3060
1	3061
1	3062
1	3063
1	3064
1	3066
1	3067
1	3068
1	3069
1	3070
1	3070
1	3071
1	3072
1	3073
1	3074
1	3076
1	3077
1	3078
1	3079
1	3080
1	3080
1	3081
1	3082
1	3083
1	3084
1	3086
1	3087
1	3088
1	3089
1	3090
1	3090
1	3091
1	3092
1	3093
1	3094
1	3096
1	3097
1	3098
1	3099
1	3000
1	3000
1	3001
1	3002
1	3003
1	3004
1	3006
1	3007
1	3008
1	3009
1	3000
1	3000
1	3001
1	3002
1	3003
1	3004
1	3006
1	3007
1	3008
1	3009
1	3010
1	3010
1	3011
1	3012
1	3013
1	3014
1	3016
1	3017
1	3018
1	3019
1	3020
1	3020
1	3021
1	3022
1	3023
1	3024
1	3026
1	3027
1	3028
1	3029
1	3030
1	3030
1	3031
1	3032
1	3033
1	3034
1	3036
1	3037
1	3038
1	3039
1	3040
1	3040
1	3041
1	3042
1	3043
1	3044
1	3046
1	3047
1	3048
1	3049
1	3060
1	3060
1	3061
1	3062
1	3063
1	3064
1	3066
1	3067
1	3068
1	3069
1	3070
1	3070
1	3071
1	3072
1	3073
1	3074
1	3076
1	3077
1	3078
1	3079
1	3080
1	3080
1	3081
1	3082
1	3083
1	3084
1	3086
1	3087
1	3088
1	3089
1	3090
1	3090
1	3091
1	3092
1	3093
1	3094
1	3096
1	3097
1	3098
1	3099
1	3100
1	3100
1	3101
1	3102
1	3103
1	3104
1	3106
1	3107
1	3108
1	3109
1	3100
1	3100
1	3101
1	3102
1	3103
1	3104
1	3106
1	3107
1	3108
1	3109
1	3110
1	3110
1	3111
1	3112
1	3113
1	3114
1	3116
1	3117
1	3118
1	3119
1	3120
1	3120
1	3121
1	3122
1	3123
1	3124
1	3126
1	3127
1	3128
1	3129
1	3130
1	3130
1	3131
1	3132
1	3133
1	3134
1	3136
1	3137
1	3138
1	3139
1	3140
1	3140
1	3141
1	3142
1	3143
1	3144
1	3146
1	3147
1	3148
1	3149
1	3160
1	3160
1	3161
1	3162
1	3163
1	3164
1	3166
1	3167
1	3168
1	3169
1	3170
1	3170
1	3171
1	3172
1	3173
1	3174
1	3176
1	3177
1	3178
1	3179
1	3180
1	3180
1	3181
1	3182
1	3183
1	3184
1	3186
1	3187
1	3188
1	3189
1	3190
1	3190
1	3191
1	3192
1	3193
1	3194
1	3196
1	3197
1	3198
1	3199
1	3200
1	3200
1	3201
1	3202
1	3203
1	3204
1	3206
1	3207
1	3208
1	3209
1	3200
1	3200
1	3201
1	3202
1	3203
1	3204
1	3206
1	3207
1	3208
1	3209
1	3210
1	3210
1	3211
1	3212
1	3213
1	3214
1	3216
1	3217
1	3218
1	3219
1	3220
1	3220
1	3221
1	3222
1	3223
1	3224
1	3226
1	3227
1	3228
1	3229
1	3230
1	3230
1	3231
1	3232
1	3233
1	3234
1	3236
1	3237
1	3238
1	3239
1	3240
1	3240
1	3241
1	3242
1	3243
1	3244
1	3246
1	3247
1	3248
1	3249
1	3260
1	3260
1	3261
1	3262
1	3263
1	3264
1	3266
1	3267
1	3268
1	3269
1	3270
1	3270
1	3271
1	3272
1	3273
1	3274
1	3276
1	3277
1	3278
1	3279
1	3280
1	3280
1	3281
1	3282
1	3283
1	3284
1	3286
1	3287
1	3288
1	3289
1	3290
1	3290
1	3291
1	3292
1	3293
1	3294
1	3296
1	3297
1	3298
1	3299
1	3300
1	3300
1	3301
1	3302
1	3303
1	3304
1	3306
1	3307
1	3308
1	3309
1	3300
1	3300
1	3301
1	3302
1	3303
1	3304
1	3306
1	3307
1	3308
1	3309
1	3310
1	3310
1	3311
1	3312
1	3313
1	3314
1	3316
1	3317
1	3318
1	3319
1	3320
1	3320
1	3321
1	3322
1	3323
1	3324
1	3326
1	3327
1	3328
1	3329
1	3330
1	3330
1	3331
1	3332
1	3333
1	3334
1	3336
1	3337
1	3338
1	3339
1	3340
1	3340
1	3341
1	3342
1	3343
1	3344
1	3346
1	3347
1	3348
1	3349
1	3360
1	3360
1	3361
1	3362
1	3363
1	3364
1	3366
1	3367
1	3368
1	3369
1	3370
1	3370
1	3371
1	3372
1	3373
1	3374
1	3376
1	3377
1	3378
1	3379
1	3380
1	3380
1	3381
1	3382
1	3383
1	3384
1	3386
1	3387
1	3388
1	3389
1	3390
1	3390
1	3391
1	3392
1	3393
1	3394
1	3396
1	3397
1	3398
1	3399
1	3400
1	3400
1	3401
1	3402
1	3403
1	3404
1	3406
1	3407
1	3408
1	3409
1	3400
1	3400
1	3401
1	3402
1	3403
1	3404
1	3406
1	3407
1	3408
1	3409
1	3410
1	3410
1	3411
1	3412
1	3413
1	3414
1	3416
1	3417
1	3418
1	3419
1	3420
1	3420
1	3421
1	3422
1	3423
1	3424
1	3426
1	3427
1	3428
1	3429
1	3430
1	3430
1	3431
1	3432
1	3433
1	3434
1	3436
1	3437
1	3438
1	3439
1	3440
1	3440
1	3441
1	3442
1	3443
1	3444
1	3446
1	3447
1	3448
1	3449
1	3460
1	3460
1	3461
1	3462
1	3463
1	3464
1	3466
1	3467
1	3468
1	3469
1	3470
1	3470
1	3471
1	3472
1	3473
1	3474
1	3476
1	3477
1	3478
1	3479
1	3480
1	3480
1	3481
1	3482
1	3483
1	3484
1	3486
1	3487
1	3488
1	3489
1	3490
1	3490
1	3491
1	3492
1	3493
1	3494
1	3496
1	3497
1	3498
1	3499
1	3600
1	3600
1	3601
1	3602
1	3603
1	3604
1	3606
1	3607
1	3608
1	3609
1	3600
1	3600
1	3601
1	3602
1	3603
1	3604
1	3606
1	3607
1	3608
1	3609
1	3610
1	3610
1	3611
1	3612
1	3613
1	3614
1	3616
1	3617
1	3618
1	3619
1	3620
1	3620
1	3621
1	3622
1	3623
1	3624
1	3626
1	3627
1	3628
1	3629
1	3630
1	3630
1	3631
1	3632
1	3633
1	3634
1	3636
1	3637
1	3638
1	3639
1	3640
1	3640
1	3641
1	3642
1	3643
1	3644
1	3646
1	3647
1	3648
1	3649
1	3660
1	3660
1	3661
1	3662
1	3663
1	3664
1	3666
1	3667
1	3668
1	3669
1	3670
1	3670
1	3671
1	3672
1	3673
1	3674
1	3676
1	3677
1	3678
1	3679
1	3680
1	3680
1	3681
1	3682
1	3683
1	3684
1	3686
1	3687
1	3688
1	3689
1	3690
1	3690
1	3691
1	3692
1	3693
1	3694
1	3696
1	3697
1	3698
1	3699
1	3700
1	3700
1	3701
1	3702
1	3703
1	3704
1	3706
1	3707
1	3708
1	3709
1	3700
1	3700
1	3701
1	3702
1	3703
1	3704
1	3706
1	3707
1	3708
1	3709
1	3710
1	3710
1	3711
1	3712
1	3713
1	3714
1	3716
1	3717
1	3718
1	3719
1	3720
1	3720
1	3721
1	3722
1	3723
1	3724
1	3726
1	3727
1	3728
1	3729
1	3730
1	3730
1	3731
1	3732
1	3733
1	3734
1	3736
1	3737
1	3738
1	3739
1	3740
1	3740
1	3741
1	3742
1	3743
1	3744
1	3746
1	3747
1	3748
1	3749
1	3760
1	3760
1	3761
1	3762
1	3763
1	3764
1	3766
1	3767
1	3768
1	3769
1	3770
1	3770
1	3771
1	3772
1	3773
1	3774
1	3776
1	3777
1	3778
1	3779
1	3780
1	3780
1	3781
1	3782
1	3783
1	3784
1	3786
1	3787
1	3788
1	3789
1	3790
1	3790
1	3791
1	3792
1	3793
1	3794
1	3796
1	3797
1	3798
1	3799
1	3800
1	3800
1	3801
1	3802
1	3803
1	3804
1	3806
1	3807
1	3808
1	3809
1	3800
1	3800
1	3801
1	3802
1	3803
1	3804
1	3806
1	3807
1	3808
1	3809
1	3810
1	3810
1	3811
1	3812
1	3813
1	3814
1	3816
1	3817
1	3818
1	3819
1	3820
1	3820
1	3821
1	3822
1	3823
1	3824
1	3826
1	3827
1	3828
1	3829
1	3830
1	3830
1	3831
1	3832
1	3833
1	3834
1	3836
1	3837
1	3838
1	3839
1	3840
1	3840
1	3841
1	3842
1	3843
1	3844
1	3846
1	3847
1	3848
1	3849
1	3860
1	3860
1	3861
1	3862
1	3863
1	3864
1	3866
1	3867
1	3868
1	3869
1	3870
1	3870
1	3871
1	3872
1	3873
1	3874
1	3876
1	3877
1	3878
1	3879
1	3880
1	3880
1	3881
1	3882
1	3883
1	3884
1	3886
1	3887
1	3888
1	3889
1	3890
1	3890
1	3891
1	3892
1	3893
1	3894
1	3896
1	3897
1	3898
1	3899
1	3900
1	3900
1	3901
1	3902
1	3903
1	3904
1	3906
1	3907
1	3908
1	3909
1	3900
1	3900
1	3901
1	3902
1	3903
1	3904
1	3906
1	3907
1	3908
1	3909
1	3910
1	3910
1	3911
1	3912
1	3913
1	3914
1	3916
1	3917
1	3918
1	3919
1	3920
1	3920
1	3921
1	3922
1	3923
1	3924
1	3926
1	3927
1	3928
1	3929
1	3930
1	3930
1	3931
1	3932
1	3933
1	3934
1	3936
1	3937
1	3938
1	3939
1	3940
1	3940
1	3941
1	3942
1	3943
1	3944
1	3946
1	3947
1	3948
1	3949
1	3960
1	3960
1	3961
1	3962
1	3963
1	3964
1	3966
1	3967
1	3968
1	3969
1	3970
1	3970
1	3971
1	3972
1	3973
1	3974
1	3976
1	3977
1	3978
1	3979
1	3980
1	3980
1	3981
1	3982
1	3983
1	3984
1	3986
1	3987
1	3988
1	3989
1	3990
1	3990
1	3991
1	3992
1	3993
1	3994
1	3996
1	3997
1	3998
