5	0
5	0
5	1
5	2
5	3
5	4
5	5
5	6
5	7
5	8
5	00
5	00
5	01
5	02
5	03
5	04
5	05
5	06
5	07
5	08
5	9
5	9
5	10
5	12
5	13
5	14
5	15
5	16
5	17
5	18
5	20
5	20
5	21
5	22
5	23
5	24
5	25
5	26
5	27
5	28
5	30
5	30
5	31
5	32
5	33
5	34
5	35
5	36
5	37
5	38
5	40
5	40
5	41
5	42
5	43
5	44
5	45
5	46
5	47
5	48
5	50
5	50
5	51
5	52
5	53
5	54
5	55
5	56
5	57
5	58
5	60
5	60
5	61
5	62
5	63
5	64
5	65
5	66
5	67
5	68
5	70
5	70
5	71
5	72
5	73
5	74
5	75
5	76
5	77
5	78
5	80
5	80
5	81
5	82
5	83
5	84
5	85
5	86
5	87
5	88
5	000
5	000
5	001
5	002
5	003
5	004
5	005
5	006
5	007
5	008
5	000
5	000
5	001
5	002
5	003
5	004
5	005
5	006
5	007
5	008
5	09
5	09
5	010
5	012
5	013
5	014
5	015
5	016
5	017
5	018
5	020
5	020
5	021
5	022
5	023
5	024
5	025
5	026
5	027
5	028
5	030
5	030
5	031
5	032
5	033
5	034
5	035
5	036
5	037
5	038
5	040
5	040
5	041
5	042
5	043
5	044
5	045
5	046
5	047
5	048
5	050
5	050
5	051
5	052
5	053
5	054
5	055
5	056
5	057
5	058
5	060
5	060
5	061
5	062
5	063
5	064
5	065
5	066
5	067
5	068
5	070
5	070
5	071
5	072
5	073
5	074
5	075
5	076
5	077
5	078
5	080
5	080
5	081
5	082
5	083
5	084
5	085
5	086
5	087
5	088
5	90
5	90
5	91
5	92
5	93
5	94
5	95
5	96
5	97
5	98
5	90
5	90
5	91
5	92
5	93
5	94
5	95
5	96
5	97
5	98
5	19
5	19
5	101
5	102
5	103
5	104
5	105
5	106
5	107
5	108
5	120
5	120
5	121
5	122
5	123
5	124
5	125
5	126
5	127
5	128
5	130
5	130
5	131
5	132
5	133
5	134
5	135
5	136
5	137
5	138
5	140
5	140
5	141
5	142
5	143
5	144
5	145
5	146
5	147
5	148
5	150
5	150
5	151
5	152
5	153
5	154
5	155
5	156
5	157
5	158
5	160
5	160
5	161
5	162
5	163
5	164
5	165
5	166
5	167
5	168
5	170
5	170
5	171
5	172
5	173
5	174
5	175
5	176
5	177
5	178
5	180
5	180
5	181
5	182
5	183
5	184
5	185
5	186
5	187
5	188
5	200
5	200
5	201
5	202
5	203
5	204
5	205
5	206
5	207
5	208
5	200
5	200
5	201
5	202
5	203
5	204
5	205
5	206
5	207
5	208
5	29
5	29
5	210
5	212
5	213
5	214
5	215
5	216
5	217
5	218
5	220
5	220
5	221
5	222
5	223
5	224
5	225
5	226
5	227
5	228
5	230
5	230
5	231
5	232
5	233
5	234
5	235
5	236
5	237
5	238
5	240
5	240
5	241
5	242
5	243
5	244
5	245
5	246
5	247
5	248
5	250
5	250
5	251
5	252
5	253
5	254
5	255
5	256
5	257
5	258
5	260
5	260
5	261
5	262
5	263
5	264
5	265
5	266
5	267
5	268
5	270
5	270
5	271
5	272
5	273
5	274
5	275
5	276
5	277
5	278
5	280
5	280
5	281
5	282
5	283
5	284
5	285
5	286
5	287
5	288
5	300
5	300
5	301
5	302
5	303
5	304
5	305
5	306
5	307
5	308
5	300
5	300
5	301
5	302
5	303
5	304
5	305
5	306
5	307
5	308
5	39
5	39
5	310
5	312
5	313
5	314
5	315
5	316
5	317
5	318
5	320
5	320
5	321
5	322
5	323
5	324
5	325
5	326
5	327
5	328
5	330
5	330
5	331
5	332
5	333
5	334
5	335
5	336
5	337
5	338
5	340
5	340
5	341
5	342
5	343
5	344
5	345
5	346
5	347
5	348
5	350
5	350
5	351
5	352
5	353
5	354
5	355
5	356
5	357
5	358
5	360
5	360
5	361
5	362
5	363
5	364
5	365
5	366
5	367
5	368
5	370
5	370
5	371
5	372
5	373
5	374
5	375
5	376
5	377
5	378
5	380
5	380
5	381
5	382
5	383
5	384
5	385
5	386
5	387
5	388
5	400
5	400
5	401
5	402
5	403
5	404
5	405
5	406
5	407
5	408
5	400
5	400
5	401
5	402
5	403
5	404
5	405
5	406
5	407
5	408
5	49
5	49
5	410
5	412
5	413
5	414
5	415
5	416
5	417
5	418
5	420
5	420
5	421
5	422
5	423
5	424
5	425
5	426
5	427
5	428
5	430
5	430
5	431
5	432
5	433
5	434
5	435
5	436
5	437
5	438
5	440
5	440
5	441
5	442
5	443
5	444
5	445
5	446
5	447
5	448
5	450
5	450
5	451
5	452
5	453
5	454
5	455
5	456
5	457
5	458
5	460
5	460
5	461
5	462
5	463
5	464
5	465
5	466
5	467
5	468
5	470
5	470
5	471
5	472
5	473
5	474
5	475
5	476
5	477
5	478
5	480
5	480
5	481
5	482
5	483
5	484
5	485
5	486
5	487
5	488
5	500
5	500
5	501
5	502
5	503
5	504
5	505
5	506
5	507
5	508
5	500
5	500
5	501
5	502
5	503
5	504
5	505
5	506
5	507
5	508
5	59
5	59
5	510
5	512
5	513
5	514
5	515
5	516
5	517
5	518
5	520
5	520
5	521
5	522
5	523
5	524
5	525
5	526
5	527
5	528
5	530
5	530
5	531
5	532
5	533
5	534
5	535
5	536
5	537
5	538
5	540
5	540
5	541
5	542
5	543
5	544
5	545
5	546
5	547
5	548
5	550
5	550
5	551
5	552
5	553
5	554
5	555
5	556
5	557
5	558
5	560
5	560
5	561
5	562
5	563
5	564
5	565
5	566
5	567
5	568
5	570
5	570
5	571
5	572
5	573
5	574
5	575
5	576
5	577
5	578
5	580
5	580
5	581
5	582
5	583
5	584
5	585
5	586
5	587
5	588
5	600
5	600
5	601
5	602
5	603
5	604
5	605
5	606
5	607
5	608
5	600
5	600
5	601
5	602
5	603
5	604
5	605
5	606
5	607
5	608
5	69
5	69
5	610
5	612
5	613
5	614
5	615
5	616
5	617
5	618
5	620
5	620
5	621
5	622
5	623
5	624
5	625
5	626
5	627
5	628
5	630
5	630
5	631
5	632
5	633
5	634
5	635
5	636
5	637
5	638
5	640
5	640
5	641
5	642
5	643
5	644
5	645
5	646
5	647
5	648
5	650
5	650
5	651
5	652
5	653
5	654
5	655
5	656
5	657
5	658
5	660
5	660
5	661
5	662
5	663
5	664
5	665
5	666
5	667
5	668
5	670
5	670
5	671
5	672
5	673
5	674
5	675
5	676
5	677
5	678
5	680
5	680
5	681
5	682
5	683
5	684
5	685
5	686
5	687
5	688
5	700
5	700
5	701
5	702
5	703
5	704
5	705
5	706
5	707
5	708
5	700
5	700
5	701
5	702
5	703
5	704
5	705
5	706
5	707
5	708
5	79
5	79
5	710
5	712
5	713
5	714
5	715
5	716
5	717
5	718
5	720
5	720
5	721
5	722
5	723
5	724
5	725
5	726
5	727
5	728
5	730
5	730
5	731
5	732
5	733
5	734
5	735
5	736
5	737
5	738
5	740
5	740
5	741
5	742
5	743
5	744
5	745
5	746
5	747
5	748
5	750
5	750
5	751
5	752
5	753
5	754
5	755
5	756
5	757
5	758
5	760
5	760
5	761
5	762
5	763
5	764
5	765
5	766
5	767
5	768
5	770
5	770
5	771
5	772
5	773
5	774
5	775
5	776
5	777
5	778
5	780
5	780
5	781
5	782
5	783
5	784
5	785
5	786
5	787
5	788
5	800
5	800
5	801
5	802
5	803
5	804
5	805
5	806
5	807
5	808
5	800
5	800
5	801
5	802
5	803
5	804
5	805
5	806
5	807
5	808
5	89
5	89
5	810
5	812
5	813
5	814
5	815
5	816
5	817
5	818
5	820
5	820
5	821
5	822
5	823
5	824
5	825
5	826
5	827
5	828
5	830
5	830
5	831
5	832
5	833
5	834
5	835
5	836
5	837
5	838
5	840
5	840
5	841
5	842
5	843
5	844
5	845
5	846
5	847
5	848
5	850
5	850
5	851
5	852
5	853
5	854
5	855
5	856
5	857
5	858
5	860
5	860
5	861
5	862
5	863
5	864
5	865
5	866
5	867
5	868
5	870
5	870
5	871
5	872
5	873
5	874
5	875
5	876
5	877
5	878
5	880
5	880
5	881
5	882
5	883
5	884
5	885
5	886
5	887
7	888
7	0000
7	0000
7	0001
7	0002
7	0003
7	0004
7	0005
7	0006
7	0007
7	0008
7	0000
7	0000
7	0001
7	0002
7	0003
7	0004
7	0005
7	0006
7	0007
7	0008
7	009
7	009
7	0010
7	0012
7	0013
7	0014
7	0015
7	0016
7	0017
7	0018
7	0020
7	0020
7	0021
7	0022
7	0023
7	0024
7	0025
7	0026
7	0027
7	0028
7	0030
7	0030
7	0031
7	0032
7	0033
7	0034
7	0035
7	0036
7	0037
7	0038
7	0040
7	0040
7	0041
7	0042
7	0043
7	0044
7	0045
7	0046
7	0047
7	0048
7	0050
7	0050
7	0051
7	0052
7	0053
7	0054
7	0055
7	0056
7	0057
7	0058
7	0060
7	0060
7	0061
7	0062
7	0063
7	0064
7	0065
7	0066
7	0067
7	0068
7	0070
7	0070
7	0071
7	0072
7	0073
7	0074
7	0075
7	0076
7	0077
7	0078
7	0080
7	0080
7	0081
7	0082
7	0083
7	0084
7	0085
7	0086
7	0087
7	0088
7	0000
7	0000
7	0001
7	0002
7	0003
7	0004
7	0005
7	0006
7	0007
7	0008
7	0000
7	0000
7	0001
7	0002
7	0003
7	0004
7	0005
7	0006
7	0007
7	0008
7	009
7	009
7	0010
7	0012
7	0013
7	0014
7	0015
7	0016
7	0017
7	0018
7	0020
7	0020
7	0021
7	0022
7	0023
7	0024
7	0025
7	0026
7	0027
7	0028
7	0030
7	0030
7	0031
7	0032
7	0033
7	0034
7	0035
7	0036
7	0037
7	0038
7	0040
7	0040
7	0041
7	0042
7	0043
7	0044
7	0045
7	0046
7	0047
7	0048
7	0050
7	0050
7	0051
7	0052
7	0053
7	0054
7	0055
7	0056
7	0057
7	0058
7	0060
7	0060
7	0061
7	0062
7	0063
7	0064
7	0065
7	0066
7	0067
7	0068
7	0070
7	0070
7	0071
7	0072
7	0073
7	0074
7	0075
7	0076
7	0077
7	0078
7	0080
7	0080
7	0081
7	0082
7	0083
7	0084
7	0085
7	0086
7	0087
7	0088
7	090
7	090
7	091
7	092
7	093
7	094
7	095
7	096
7	097
7	098
7	090
7	090
7	091
7	092
7	093
7	094
7	095
7	096
7	097
7	098
7	019
7	019
7	0101
7	0102
7	0103
7	0104
7	0105
7	0106
7	0107
7	0108
7	0120
7	0120
7	0121
7	0122
7	0123
7	0124
7	0125
7	0126
7	0127
7	0128
7	0130
7	0130
7	0131
7	0132
7	0133
7	0134
7	0135
7	0136
7	0137
7	0138
7	0140
7	0140
7	0141
7	0142
7	0143
7	0144
7	0145
7	0146
7	0147
7	0148
7	0150
7	0150
7	0151
7	0152
7	0153
7	0154
7	0155
7	0156
7	0157
7	0158
7	0160
7	0160
7	0161
7	0162
7	0163
7	0164
7	0165
7	0166
7	0167
7	0168
7	0170
7	0170
7	0171
7	0172
7	0173
7	0174
7	0175
7	0176
7	0177
7	0178
7	0180
7	0180
7	0181
7	0182
7	0183
7	0184
7	0185
7	0186
7	0187
7	0188
7	0200
7	0200
7	0201
7	0202
7	0203
7	0204
7	0205
7	0206
7	0207
7	0208
7	0200
7	0200
7	0201
7	0202
7	0203
7	0204
7	0205
7	0206
7	0207
7	0208
7	029
7	029
7	0210
7	0212
7	0213
7	0214
7	0215
7	0216
7	0217
7	0218
7	0220
7	0220
7	0221
7	0222
7	0223
7	0224
7	0225
7	0226
7	0227
7	0228
7	0230
7	0230
7	0231
7	0232
7	0233
7	0234
7	0235
7	0236
7	0237
7	0238
7	0240
7	0240
7	0241
7	0242
7	0243
7	0244
7	0245
7	0246
7	0247
7	0248
7	0250
7	0250
7	0251
7	0252
7	0253
7	0254
7	0255
7	0256
7	0257
7	0258
7	0260
7	0260
7	0261
7	0262
7	0263
7	0264
7	0265
7	0266
7	0267
7	0268
7	0270
7	0270
7	0271
7	0272
7	0273
7	0274
7	0275
7	0276
7	0277
7	0278
7	0280
7	0280
7	0281
7	0282
7	0283
7	0284
7	0285
7	0286
7	0287
7	0288
7	0300
7	0300
7	0301
7	0302
7	0303
7	0304
7	0305
7	0306
7	0307
7	0308
7	0300
7	0300
7	0301
7	0302
7	0303
7	0304
7	0305
7	0306
7	0307
7	0308
7	039
7	039
7	0310
7	0312
7	0313
7	0314
7	0315
7	0316
7	0317
7	0318
7	0320
7	0320
7	0321
7	0322
7	0323
7	0324
7	0325
7	0326
7	0327
7	0328
7	0330
7	0330
7	0331
7	0332
7	0333
7	0334
7	0335
7	0336
7	0337
7	0338
7	0340
7	0340
7	0341
7	0342
7	0343
7	0344
7	0345
7	0346
7	0347
7	0348
7	0350
7	0350
7	0351
7	0352
7	0353
7	0354
7	0355
7	0356
7	0357
7	0358
7	0360
7	0360
7	0361
7	0362
7	0363
7	0364
7	0365
7	0366
7	0367
7	0368
7	0370
7	0370
7	0371
7	0372
7	0373
7	0374
7	0375
7	0376
7	0377
7	0378
7	0380
7	0380
7	0381
7	0382
7	0383
7	0384
7	0385
7	0386
7	0387
7	0388
7	0400
7	0400
7	0401
7	0402
7	0403
7	0404
7	0405
7	0406
7	0407
7	0408
7	0400
7	0400
7	0401
7	0402
7	0403
7	0404
7	0405
7	0406
7	0407
7	0408
7	049
7	049
7	0410
7	0412
7	0413
7	0414
7	0415
7	0416
7	0417
7	0418
7	0420
7	0420
7	0421
7	0422
7	0423
7	0424
7	0425
7	0426
7	0427
7	0428
7	0430
7	0430
7	0431
7	0432
7	0433
7	0434
7	0435
7	0436
7	0437
7	0438
7	0440
7	0440
7	0441
7	0442
7	0443
7	0444
7	0445
7	0446
7	0447
7	0448
7	0450
7	0450
7	0451
7	0452
7	0453
7	0454
7	0455
7	0456
7	0457
7	0458
7	0460
7	0460
7	0461
7	0462
7	0463
7	0464
7	0465
7	0466
7	0467
7	0468
7	0470
7	0470
7	0471
7	0472
7	0473
7	0474
7	0475
7	0476
7	0477
7	0478
7	0480
7	0480
7	0481
7	0482
7	0483
7	0484
7	0485
7	0486
7	0487
7	0488
7	0500
7	0500
7	0501
7	0502
7	0503
7	0504
7	0505
7	0506
7	0507
7	0508
7	0500
7	0500
7	0501
7	0502
7	0503
7	0504
7	0505
7	0506
7	0507
7	0508
7	059
7	059
7	0510
7	0512
7	0513
7	0514
7	0515
7	0516
7	0517
7	0518
7	0520
7	0520
7	0521
7	0522
7	0523
7	0524
7	0525
7	0526
7	0527
7	0528
7	0530
7	0530
7	0531
7	0532
7	0533
7	0534
7	0535
7	0536
7	0537
7	0538
7	0540
7	0540
7	0541
7	0542
7	0543
7	0544
7	0545
7	0546
7	0547
7	0548
7	0550
7	0550
7	0551
7	0552
7	0553
7	0554
7	0555
7	0556
7	0557
7	0558
7	0560
7	0560
7	0561
7	0562
7	0563
7	0564
7	0565
7	0566
7	0567
7	0568
7	0570
7	0570
7	0571
7	0572
7	0573
7	0574
7	0575
7	0576
7	0577
7	0578
7	0580
7	0580
7	0581
7	0582
7	0583
7	0584
7	0585
7	0586
7	0587
7	0588
7	0600
7	0600
7	0601
7	0602
7	0603
7	0604
7	0605
7	0606
7	0607
7	0608
7	0600
7	0600
7	0601
7	0602
7	0603
7	0604
7	0605
7	0606
7	0607
7	0608
7	069
7	069
7	0610
7	0612
7	0613
7	0614
7	0615
7	0616
7	0617
7	0618
7	0620
7	0620
7	0621
7	0622
7	0623
7	0624
7	0625
7	0626
7	0627
7	0628
7	0630
7	0630
7	0631
7	0632
7	0633
7	0634
7	0635
7	0636
7	0637
7	0638
7	0640
7	0640
7	0641
7	0642
7	0643
7	0644
7	0645
7	0646
7	0647
7	0648
7	0650
7	0650
7	0651
7	0652
7	0653
7	0654
7	0655
7	0656
7	0657
7	0658
7	0660
7	0660
7	0661
7	0662
7	0663
7	0664
7	0665
7	0666
7	0667
7	0668
7	0670
7	0670
7	0671
7	0672
7	0673
7	0674
7	0675
7	0676
7	0677
7	0678
7	0680
7	0680
7	0681
7	0682
7	0683
7	0684
7	0685
7	0686
7	0687
7	0688
7	0700
7	0700
7	0701
7	0702
7	0703
7	0704
7	0705
7	0706
7	0707
7	0708
7	0700
7	0700
7	0701
7	0702
7	0703
7	0704
7	0705
7	0706
7	0707
7	0708
7	079
7	079
7	0710
7	0712
7	0713
7	0714
7	0715
7	0716
7	0717
7	0718
7	0720
7	0720
7	0721
7	0722
7	0723
7	0724
7	0725
7	0726
7	0727
7	0728
7	0730
7	0730
7	0731
7	0732
7	0733
7	0734
7	0735
7	0736
7	0737
7	0738
7	0740
7	0740
7	0741
7	0742
7	0743
7	0744
7	0745
7	0746
7	0747
7	0748
7	0750
7	0750
7	0751
7	0752
7	0753
7	0754
7	0755
7	0756
7	0757
7	0758
7	0760
7	0760
7	0761
7	0762
7	0763
7	0764
7	0765
7	0766
7	0767
7	0768
7	0770
7	0770
7	0771
7	0772
7	0773
7	0774
7	0775
7	0776
7	0777
7	0778
7	0780
7	0780
7	0781
7	0782
7	0783
7	0784
7	0785
7	0786
7	0787
7	0788
7	0800
7	0800
7	0801
7	0802
7	0803
7	0804
7	0805
7	0806
7	0807
7	0808
7	0800
7	0800
7	0801
7	0802
7	0803
7	0804
7	0805
7	0806
7	0807
7	0808
7	089
7	089
7	0810
7	0812
7	0813
7	0814
7	0815
7	0816
7	0817
7	0818
7	0820
7	0820
7	0821
7	0822
7	0823
7	0824
7	0825
7	0826
7	0827
7	0828
7	0830
7	0830
7	0831
7	0832
7	0833
7	0834
7	0835
7	0836
7	0837
7	0838
7	0840
7	0840
7	0841
7	0842
7	0843
7	0844
7	0845
7	0846
7	0847
7	0848
7	0850
7	0850
7	0851
7	0852
7	0853
7	0854
7	0855
7	0856
7	0857
7	0858
7	0860
7	0860
7	0861
7	0862
7	0863
7	0864
7	0865
7	0866
7	0867
7	0868
7	0870
7	0870
7	0871
7	0872
7	0873
7	0874
7	0875
7	0876
7	0877
7	0878
7	0880
7	0880
7	0881
7	0882
7	0883
7	0884
7	0885
7	0886
7	0887
7	0888
7	900
7	900
7	901
7	902
7	903
7	904
7	905
7	906
7	907
7	908
7	900
7	900
7	901
7	902
7	903
7	904
7	905
7	906
7	907
7	908
7	99
7	99
7	910
7	912
7	913
7	914
7	915
7	916
7	917
7	918
7	920
7	920
7	921
7	922
7	923
7	924
7	925
7	926
7	927
7	928
7	930
7	930
7	931
7	932
7	933
7	934
7	935
7	936
7	937
7	938
7	940
7	940
7	941
7	942
7	943
7	944
7	945
7	946
7	947
7	948
7	950
7	950
7	951
7	952
7	953
7	954
7	955
7	956
7	957
7	958
7	960
7	960
7	961
7	962
7	963
7	964
7	965
7	966
7	967
7	968
7	970
7	970
7	971
7	972
7	973
7	974
7	975
7	976
7	977
7	978
7	980
3	980
3	981
3	982
3	983
3	984
3	985
3	986
3	987
3	988
3	900
3	900
3	901
3	902
3	903
3	904
3	905
3	906
3	907
3	908
3	900
3	900
3	901
3	902
3	903
3	904
3	905
3	906
3	907
3	908
3	99
3	99
3	910
3	912
3	913
3	914
3	915
3	916
3	917
3	918
3	920
3	920
3	921
3	922
3	923
3	924
3	925
3	926
3	927
3	928
3	930
3	930
3	931
3	932
3	933
3	934
3	935
3	936
3	937
3	938
3	940
3	940
3	941
3	942
3	943
3	944
3	945
3	946
3	947
3	948
3	950
3	950
3	951
3	952
3	953
3	954
3	955
3	956
3	957
3	958
3	960
3	960
3	961
3	962
3	963
3	964
3	965
3	966
3	967
3	968
3	970
3	970
3	971
3	972
3	973
3	974
3	975
3	976
3	977
3	978
3	980
3	980
3	981
3	982
3	983
3	984
3	985
3	986
3	987
3	988
3	190
3	190
3	191
3	192
3	193
3	194
3	195
3	196
3	197
3	198
3	190
3	190
3	191
3	192
3	193
3	194
3	195
3	196
3	197
3	198
3	109
3	109
3	1010
3	1012
3	1013
3	1014
3	1015
3	1016
3	1017
3	1018
3	1020
3	1020
3	1021
3	1022
3	1023
3	1024
3	1025
3	1026
3	1027
3	1028
3	1030
3	1030
3	1031
3	1032
3	1033
3	1034
3	1035
3	1036
3	1037
3	1038
3	1040
3	1040
3	1041
3	1042
3	1043
3	1044
3	1045
3	1046
3	1047
3	1048
3	1050
3	1050
3	1051
3	1052
3	1053
3	1054
3	1055
3	1056
3	1057
3	1058
3	1060
3	1060
3	1061
3	1062
3	1063
3	1064
3	1065
3	1066
3	1067
3	1068
3	1070
3	1070
3	1071
3	1072
3	1073
3	1074
3	1075
3	1076
3	1077
3	1078
3	1080
3	1080
3	1081
3	1082
3	1083
3	1084
3	1085
3	1086
3	1087
3	1088
3	1200
3	1200
3	1201
3	1202
3	1203
3	1204
3	1205
3	1206
3	1207
3	1208
3	1200
3	1200
3	1201
3	1202
3	1203
3	1204
3	1205
3	1206
3	1207
3	1208
3	129
3	129
3	1210
3	1212
3	1213
3	1214
3	1215
3	1216
3	1217
3	1218
3	1220
3	1220
3	1221
3	1222
3	1223
3	1224
3	1225
3	1226
3	1227
3	1228
3	1230
3	1230
3	1231
3	1232
3	1233
3	1234
3	1235
3	1236
3	1237
3	1238
3	1240
3	1240
3	1241
3	1242
3	1243
3	1244
3	1245
3	1246
3	1247
3	1248
3	1250
3	1250
3	1251
3	1252
3	1253
3	1254
3	1255
3	1256
3	1257
3	1258
3	1260
3	1260
3	1261
3	1262
3	1263
3	1264
3	1265
3	1266
3	1267
3	1268
3	1270
3	1270
3	1271
3	1272
3	1273
3	1274
3	1275
3	1276
3	1277
3	1278
3	1280
3	1280
3	1281
3	1282
3	1283
3	1284
3	1285
3	1286
3	1287
3	1288
3	1300
3	1300
3	1301
3	1302
3	1303
3	1304
3	1305
3	1306
3	1307
3	1308
3	1300
3	1300
3	1301
3	1302
3	1303
3	1304
3	1305
3	1306
3	1307
3	1308
3	139
3	139
3	1310
3	1312
3	1313
3	1314
3	1315
3	1316
3	1317
3	1318
3	1320
3	1320
3	1321
3	1322
3	1323
3	1324
3	1325
3	1326
3	1327
3	1328
3	1330
3	1330
3	1331
3	1332
3	1333
3	1334
3	1335
3	1336
3	1337
3	1338
3	1340
3	1340
3	1341
3	1342
3	1343
3	1344
3	1345
3	1346
3	1347
3	1348
3	1350
3	1350
3	1351
3	1352
3	1353
3	1354
3	1355
3	1356
3	1357
3	1358
3	1360
3	1360
3	1361
3	1362
3	1363
3	1364
3	1365
3	1366
3	1367
3	1368
3	1370
3	1370
3	1371
3	1372
3	1373
3	1374
3	1375
3	1376
3	1377
3	1378
3	1380
3	1380
3	1381
3	1382
3	1383
3	1384
3	1385
3	1386
3	1387
3	1388
3	1400
3	1400
3	1401
3	1402
3	1403
3	1404
3	1405
3	1406
3	1407
3	1408
3	1400
3	1400
3	1401
3	1402
3	1403
3	1404
3	1405
3	1406
3	1407
3	1408
3	149
3	149
3	1410
3	1412
3	1413
3	1414
3	1415
3	1416
3	1417
3	1418
3	1420
3	1420
3	1421
3	1422
3	1423
3	1424
3	1425
3	1426
3	1427
3	1428
3	1430
3	1430
3	1431
3	1432
3	1433
3	1434
3	1435
3	1436
3	1437
3	1438
3	1440
3	1440
3	1441
3	1442
3	1443
3	1444
3	1445
3	1446
3	1447
3	1448
3	1450
3	1450
3	1451
3	1452
3	1453
3	1454
3	1455
3	1456
3	1457
3	1458
3	1460
3	1460
3	1461
3	1462
3	1463
3	1464
3	1465
3	1466
3	1467
3	1468
3	1470
3	1470
3	1471
3	1472
3	1473
3	1474
3	1475
3	1476
3	1477
3	1478
3	1480
3	1480
3	1481
3	1482
3	1483
3	1484
3	1485
3	1486
3	1487
3	1488
3	1500
3	1500
3	1501
3	1502
3	1503
3	1504
3	1505
3	1506
3	1507
3	1508
3	1500
3	1500
3	1501
3	1502
3	1503
3	1504
3	1505
3	1506
3	1507
3	1508
3	159
3	159
3	1510
3	1512
3	1513
3	1514
3	1515
3	1516
3	1517
3	1518
3	1520
3	1520
3	1521
3	1522
3	1523
3	1524
3	1525
3	1526
3	1527
3	1528
3	1530
3	1530
3	1531
3	1532
3	1533
3	1534
3	1535
3	1536
3	1537
3	1538
3	1540
3	1540
3	1541
3	1542
3	1543
3	1544
3	1545
3	1546
3	1547
3	1548
3	1550
3	1550
3	1551
3	1552
3	1553
3	1554
3	1555
3	1556
3	1557
3	1558
3	1560
3	1560
3	1561
3	1562
3	1563
3	1564
3	1565
3	1566
3	1567
3	1568
3	1570
3	1570
3	1571
3	1572
3	1573
3	1574
3	1575
3	1576
3	1577
3	1578
3	1580
3	1580
3	1581
3	1582
3	1583
3	1584
3	1585
3	1586
3	1587
3	1588
3	1600
3	1600
3	1601
3	1602
3	1603
3	1604
3	1605
3	1606
3	1607
3	1608
3	1600
3	1600
3	1601
3	1602
3	1603
3	1604
3	1605
3	1606
3	1607
3	1608
3	169
3	169
3	1610
3	1612
3	1613
3	1614
3	1615
3	1616
3	1617
3	1618
3	1620
3	1620
3	1621
3	1622
3	1623
3	1624
3	1625
3	1626
3	1627
3	1628
3	1630
3	1630
3	1631
3	1632
3	1633
3	1634
3	1635
3	1636
3	1637
3	1638
3	1640
3	1640
3	1641
3	1642
3	1643
3	1644
3	1645
3	1646
3	1647
3	1648
3	1650
3	1650
3	1651
3	1652
3	1653
3	1654
3	1655
3	1656
3	1657
3	1658
3	1660
3	1660
3	1661
3	1662
3	1663
3	1664
3	1665
3	1666
3	1667
3	1668
3	1670
3	1670
3	1671
3	1672
3	1673
3	1674
3	1675
3	1676
3	1677
3	1678
3	1680
3	1680
3	1681
3	1682
3	1683
3	1684
3	1685
3	1686
3	1687
3	1688
3	1700
3	1700
3	1701
3	1702
3	1703
3	1704
3	1705
3	1706
3	1707
3	1708
3	1700
3	1700
3	1701
3	1702
3	1703
3	1704
3	1705
3	1706
3	1707
3	1708
3	179
3	179
3	1710
3	1712
3	1713
3	1714
3	1715
3	1716
3	1717
3	1718
3	1720
3	1720
3	1721
3	1722
3	1723
3	1724
3	1725
3	1726
3	1727
3	1728
3	1730
3	1730
3	1731
3	1732
3	1733
3	1734
3	1735
3	1736
3	1737
3	1738
3	1740
3	1740
3	1741
3	1742
3	1743
3	1744
3	1745
3	1746
3	1747
3	1748
3	1750
3	1750
3	1751
3	1752
3	1753
3	1754
3	1755
3	1756
3	1757
3	1758
3	1760
3	1760
3	1761
3	1762
3	1763
3	1764
3	1765
3	1766
3	1767
3	1768
3	1770
3	1770
3	1771
3	1772
3	1773
3	1774
3	1775
3	1776
3	1777
3	1778
3	1780
3	1780
3	1781
3	1782
3	1783
3	1784
3	1785
3	1786
3	1787
3	1788
3	1800
3	1800
3	1801
3	1802
3	1803
3	1804
3	1805
3	1806
3	1807
3	1808
3	1800
3	1800
3	1801
3	1802
3	1803
3	1804
3	1805
3	1806
3	1807
3	1808
3	189
3	189
3	1810
3	1812
3	1813
3	1814
3	1815
3	1816
3	1817
3	1818
3	1820
3	1820
3	1821
3	1822
3	1823
3	1824
3	1825
3	1826
3	1827
3	1828
3	1830
3	1830
3	1831
3	1832
3	1833
3	1834
3	1835
3	1836
3	1837
3	1838
3	1840
3	1840
3	1841
3	1842
3	1843
3	1844
3	1845
3	1846
3	1847
3	1848
3	1850
3	1850
3	1851
3	1852
3	1853
3	1854
3	1855
3	1856
3	1857
3	1858
3	1860
3	1860
3	1861
3	1862
3	1863
3	1864
3	1865
3	1866
3	1867
3	1868
3	1870
3	1870
3	1871
3	1872
3	1873
3	1874
3	1875
3	1876
3	1877
3	1878
3	1880
3	1880
3	1881
3	1882
3	1883
3	1884
3	1885
3	1886
3	1887
3	1888
3	2000
3	2000
3	2001
3	2002
3	2003
3	2004
3	2005
3	2006
3	2007
3	2008
3	2000
3	2000
3	2001
3	2002
3	2003
3	2004
3	2005
3	2006
3	2007
3	2008
3	209
3	209
3	2010
3	2012
3	2013
3	2014
3	2015
3	2016
3	2017
3	2018
3	2020
3	2020
3	2021
3	2022
3	2023
3	2024
3	2025
3	2026
3	2027
3	2028
3	2030
3	2030
3	2031
3	2032
3	2033
3	2034
3	2035
3	2036
3	2037
3	2038
3	2040
3	2040
3	2041
3	2042
3	2043
3	2044
3	2045
3	2046
3	2047
3	2048
3	2050
3	2050
3	2051
3	2052
3	2053
3	2054
3	2055
3	2056
3	2057
3	2058
3	2060
3	2060
3	2061
3	2062
3	2063
3	2064
3	2065
3	2066
3	2067
3	2068
3	2070
3	2070
3	2071
3	2072
3	2073
3	2074
3	2075
3	2076
3	2077
3	2078
3	2080
3	2080
3	2081
3	2082
3	2083
3	2084
3	2085
3	2086
3	2087
3	2088
3	2000
3	2000
3	2001
3	2002
3	2003
3	2004
3	2005
3	2006
3	2007
3	2008
3	2000
3	2000
3	2001
3	2002
3	2003
3	2004
3	2005
3	2006
3	2007
3	2008
3	209
3	209
3	2010
3	2012
3	2013
3	2014
3	2015
3	2016
3	2017
3	2018
3	2020
3	2020
3	2021
3	2022
3	2023
3	2024
3	2025
3	2026
3	2027
3	2028
3	2030
3	2030
3	2031
3	2032
3	2033
3	2034
3	2035
3	2036
3	2037
3	2038
3	2040
3	2040
3	2041
3	2042
3	2043
3	2044
3	2045
3	2046
3	2047
3	2048
3	2050
3	2050
3	2051
3	2052
3	2053
3	2054
3	2055
3	2056
3	2057
3	2058
3	2060
3	2060
3	2061
3	2062
3	2063
3	2064
3	2065
3	2066
3	2067
3	2068
3	2070
3	2070
3	2071
3	2072
3	2073
3	2074
3	2075
3	2076
3	2077
3	2078
3	2080
3	2080
3	2081
3	2082
3	2083
3	2084
3	2085
3	2086
3	2087
3	2088
3	290
3	290
3	291
3	292
3	293
3	294
3	295
3	296
3	297
3	298
3	290
3	290
3	291
3	292
3	293
3	294
3	295
3	296
3	297
3	298
3	219
3	219
3	2101
3	2102
3	2103
3	2104
3	2105
3	2106
3	2107
3	2108
3	2120
3	2120
3	2121
3	2122
3	2123
3	2124
3	2125
3	2126
3	2127
3	2128
3	2130
3	2130
3	2131
3	2132
3	2133
3	2134
3	2135
3	2136
3	2137
3	2138
3	2140
3	2140
3	2141
3	2142
3	2143
3	2144
3	2145
3	2146
3	2147
3	2148
3	2150
3	2150
3	2151
3	2152
3	2153
3	2154
3	2155
3	2156
3	2157
3	2158
3	2160
3	2160
3	2161
3	2162
3	2163
3	2164
3	2165
3	2166
3	2167
3	2168
3	2170
3	2170
3	2171
3	2172
3	2173
3	2174
3	2175
3	2176
3	2177
3	2178
3	2180
3	2180
3	2181
3	2182
3	2183
3	2184
4	2185
4	2186
4	2187
4	2188
4	2200
4	2200
4	2201
4	2202
4	2203
4	2204
4	2205
4	2206
4	2207
4	2208
4	2200
4	2200
4	2201
4	2202
4	2203
4	2204
4	2205
4	2206
4	2207
4	2208
4	229
4	229
4	2210
4	2212
4	2213
4	2214
4	2215
4	2216
4	2217
4	2218
4	2220
4	2220
4	2221
4	2222
4	2223
4	2224
4	2225
4	2226
4	2227
4	2228
4	2230
4	2230
4	2231
4	2232
4	2233
4	2234
4	2235
4	2236
4	2237
4	2238
4	2240
4	2240
4	2241
4	2242
4	2243
4	2244
4	2245
4	2246
4	2247
4	2248
4	2250
4	2250
4	2251
4	2252
4	2253
4	2254
4	2255
4	2256
4	2257
4	2258
4	2260
4	2260
4	2261
4	2262
4	2263
4	2264
4	2265
4	2266
4	2267
4	2268
4	2270
4	2270
4	2271
4	2272
4	2273
4	2274
4	2275
4	2276
4	2277
4	2278
4	2280
4	2280
4	2281
4	2282
4	2283
4	2284
4	2285
4	2286
4	2287
4	2288
4	2300
4	2300
4	2301
4	2302
4	2303
4	2304
4	2305
4	2306
4	2307
4	2308
4	2300
4	2300
4	2301
4	2302
4	2303
4	2304
4	2305
4	2306
4	2307
4	2308
4	239
4	239
4	2310
4	2312
4	2313
4	2314
4	2315
4	2316
4	2317
4	2318
4	2320
4	2320
4	2321
4	2322
4	2323
4	2324
4	2325
4	2326
4	2327
4	2328
4	2330
4	2330
4	2331
4	2332
4	2333
4	2334
4	2335
4	2336
4	2337
4	2338
4	2340
4	2340
4	2341
4	2342
4	2343
4	2344
4	2345
4	2346
4	2347
4	2348
4	2350
4	2350
4	2351
4	2352
4	2353
4	2354
4	2355
4	2356
4	2357
4	2358
4	2360
4	2360
4	2361
4	2362
4	2363
4	2364
4	2365
4	2366
4	2367
4	2368
4	2370
4	2370
4	2371
4	2372
4	2373
4	2374
4	2375
4	2376
4	2377
4	2378
4	2380
4	2380
4	2381
4	2382
4	2383
4	2384
4	2385
4	2386
4	2387
4	2388
4	2400
4	2400
4	2401
4	2402
4	2403
4	2404
4	2405
4	2406
4	2407
4	2408
4	2400
4	2400
4	2401
4	2402
4	2403
4	2404
4	2405
4	2406
4	2407
4	2408
4	249
4	249
4	2410
4	2412
4	2413
4	2414
4	2415
4	2416
4	2417
4	2418
4	2420
4	2420
4	2421
4	2422
4	2423
4	2424
4	2425
4	2426
4	2427
4	2428
4	2430
4	2430
4	2431
4	2432
4	2433
4	2434
4	2435
4	2436
4	2437
4	2438
4	2440
4	2440
4	2441
4	2442
4	2443
4	2444
4	2445
4	2446
4	2447
4	2448
4	2450
4	2450
4	2451
4	2452
4	2453
4	2454
4	2455
4	2456
4	2457
4	2458
4	2460
4	2460
4	2461
4	2462
4	2463
4	2464
4	2465
4	2466
4	2467
4	2468
4	2470
4	2470
4	2471
4	2472
4	2473
4	2474
4	2475
4	2476
4	2477
4	2478
4	2480
4	2480
4	2481
4	2482
4	2483
4	2484
4	2485
4	2486
4	2487
4	2488
4	2500
4	2500
4	2501
4	2502
4	2503
4	2504
4	2505
4	2506
4	2507
4	2508
4	2500
4	2500
4	2501
4	2502
4	2503
4	2504
4	2505
4	2506
4	2507
4	2508
4	259
4	259
4	2510
4	2512
4	2513
4	2514
4	2515
4	2516
4	2517
4	2518
4	2520
4	2520
4	2521
4	2522
4	2523
4	2524
4	2525
4	2526
4	2527
4	2528
4	2530
4	2530
4	2531
4	2532
4	2533
4	2534
4	2535
4	2536
4	2537
4	2538
4	2540
4	2540
4	2541
4	2542
4	2543
4	2544
4	2545
4	2546
4	2547
4	2548
4	2550
4	2550
4	2551
4	2552
4	2553
4	2554
4	2555
4	2556
4	2557
4	2558
4	2560
4	2560
4	2561
4	2562
4	2563
4	2564
4	2565
4	2566
4	2567
4	2568
4	2570
4	2570
4	2571
4	2572
4	2573
4	2574
4	2575
4	2576
4	2577
4	2578
4	2580
4	2580
4	2581
4	2582
4	2583
4	2584
4	2585
4	2586
4	2587
4	2588
4	2600
4	2600
4	2601
4	2602
4	2603
4	2604
4	2605
4	2606
4	2607
4	2608
4	2600
4	2600
4	2601
4	2602
4	2603
4	2604
4	2605
4	2606
4	2607
4	2608
4	269
4	269
4	2610
4	2612
4	2613
4	2614
4	2615
4	2616
4	2617
4	2618
4	2620
4	2620
4	2621
4	2622
4	2623
4	2624
4	2625
4	2626
4	2627
4	2628
4	2630
4	2630
4	2631
4	2632
4	2633
4	2634
4	2635
4	2636
4	2637
4	2638
4	2640
4	2640
4	2641
4	2642
4	2643
4	2644
4	2645
4	2646
4	2647
4	2648
4	2650
4	2650
4	2651
4	2652
4	2653
4	2654
4	2655
4	2656
4	2657
4	2658
4	2660
4	2660
4	2661
4	2662
4	2663
4	2664
4	2665
4	2666
4	2667
4	2668
4	2670
4	2670
4	2671
4	2672
4	2673
4	2674
4	2675
4	2676
4	2677
4	2678
4	2680
4	2680
4	2681
4	2682
4	2683
4	2684
4	2685
4	2686
4	2687
4	2688
4	2700
4	2700
4	2701
4	2702
4	2703
4	2704
4	2705
4	2706
4	2707
1	2708
1	2700
1	2700
1	2701
1	2702
1	2703
1	2704
1	2705
1	2706
1	2707
1	2708
1	279
1	279
1	2710
1	2712
1	2713
1	2714
1	2715
1	2716
1	2717
1	2718
1	2720
1	2720
1	2721
1	2722
1	2723
1	2724
1	2725
1	2726
1	2727
1	2728
1	2730
1	2730
1	2731
1	2732
1	2733
1	2734
1	2735
1	2736
1	2737
1	2738
1	2740
1	2740
1	2741
1	2742
1	2743
1	2744
1	2745
1	2746
1	2747
1	2748
1	2750
1	2750
1	2751
1	2752
1	2753
1	2754
1	2755
1	2756
1	2757
1	2758
1	2760
1	2760
1	2761
1	2762
1	2763
1	2764
1	2765
1	2766
1	2767
1	2768
1	2770
1	2770
1	2771
1	2772
1	2773
1	2774
1	2775
1	2776
1	2777
1	2778
1	2780
1	2780
1	2781
1	2782
1	2783
1	2784
1	2785
1	2786
1	2787
1	2788
1	2800
1	2800
1	2801
1	2802
1	2803
1	2804
1	2805
1	2806
1	2807
1	2808
1	2800
1	2800
1	2801
1	2802
1	2803
1	2804
1	2805
1	2806
1	2807
1	2808
1	289
1	289
1	2810
1	2812
1	2813
1	2814
1	2815
1	2816
1	2817
1	2818
1	2820
1	2820
1	2821
1	2822
1	2823
1	2824
1	2825
1	2826
1	2827
1	2828
1	2830
1	2830
1	2831
1	2832
1	2833
1	2834
1	2835
1	2836
1	2837
1	2838
1	2840
1	2840
1	2841
1	2842
1	2843
1	2844
1	2845
1	2846
1	2847
1	2848
1	2850
1	2850
1	2851
1	2852
1	2853
1	2854
1	2855
1	2856
1	2857
1	2858
1	2860
1	2860
1	2861
1	2862
1	2863
1	2864
1	2865
1	2866
1	2867
1	2868
1	2870
1	2870
1	2871
1	2872
1	2873
1	2874
1	2875
1	2876
1	2877
1	2878
1	2880
1	2880
1	2881
1	2882
1	2883
1	2884
1	2885
1	2886
1	2887
1	2888
1	3000
1	3000
1	3001
1	3002
1	3003
1	3004
1	3005
1	3006
1	3007
1	3008
1	3000
1	3000
1	3001
1	3002
1	3003
1	3004
1	3005
1	3006
1	3007
1	3008
1	309
1	309
1	3010
1	3012
1	3013
1	3014
1	3015
1	3016
1	3017
1	3018
1	3020
1	3020
1	3021
1	3022
1	3023
1	3024
1	3025
1	3026
1	3027
1	3028
1	3030
1	3030
1	3031
1	3032
1	3033
1	3034
1	3035
1	3036
1	3037
1	3038
1	3040
1	3040
1	3041
1	3042
1	3043
1	3044
1	3045
1	3046
1	3047
1	3048
1	3050
1	3050
1	3051
1	3052
1	3053
1	3054
1	3055
1	3056
1	3057
1	3058
1	3060
1	3060
1	3061
1	3062
1	3063
1	3064
1	3065
1	3066
1	3067
1	3068
1	3070
1	3070
1	3071
1	3072
1	3073
1	3074
1	3075
1	3076
1	3077
1	3078
1	3080
1	3080
1	3081
1	3082
1	3083
1	3084
1	3085
1	3086
1	3087
1	3088
1	3000
1	3000
1	3001
1	3002
1	3003
1	3004
1	3005
1	3006
1	3007
1	3008
1	3000
1	3000
1	3001
1	3002
1	3003
1	3004
1	3005
1	3006
1	3007
1	3008
1	309
1	309
1	3010
1	3012
1	3013
1	3014
1	3015
1	3016
1	3017
1	3018
1	3020
1	3020
1	3021
1	3022
1	3023
1	3024
1	3025
1	3026
1	3027
1	3028
1	3030
1	3030
1	3031
1	3032
1	3033
1	3034
1	3035
1	3036
1	3037
1	3038
1	3040
1	3040
1	3041
1	3042
1	3043
1	3044
1	3045
1	3046
1	3047
1	3048
1	3050
1	3050
1	3051
1	3052
1	3053
1	3054
1	3055
1	3056
1	3057
1	3058
1	3060
1	3060
1	3061
1	3062
1	3063
1	3064
1	3065
1	3066
1	3067
1	3068
1	3070
1	3070
1	3071
1	3072
1	3073
1	3074
1	3075
1	3076
1	3077
1	3078
1	3080
1	3080
1	3081
1	3082
1	3083
1	3084
1	3085
1	3086
1	3087
1	3088
1	390
1	390
1	391
1	392
1	393
1	394
1	395
1	396
1	397
1	398
1	390
1	390
1	391
1	392
1	393
1	394
1	395
1	396
1	397
1	398
1	319
1	319
1	3101
1	3102
1	3103
1	3104
1	3105
1	3106
1	3107
1	3108
1	3120
1	3120
1	3121
1	3122
1	3123
1	3124
1	3125
1	3126
1	3127
1	3128
1	3130
1	3130
1	3131
1	3132
1	3133
1	3134
1	3135
1	3136
1	3137
1	3138
1	3140
1	3140
1	3141
1	3142
1	3143
1	3144
1	3145
1	3146
1	3147
1	3148
1	3150
1	3150
1	3151
1	3152
1	3153
1	3154
1	3155
1	3156
1	3157
1	3158
1	3160
1	3160
1	3161
1	3162
1	3163
1	3164
1	3165
1	3166
1	3167
1	3168
1	3170
1	3170
1	3171
1	3172
1	3173
1	3174
1	3175
1	3176
1	3177
1	3178
1	3180
1	3180
1	3181
1	3182
1	3183
1	3184
1	3185
1	3186
1	3187
1	3188
1	3200
1	3200
1	3201
1	3202
1	3203
1	3204
1	3205
1	3206
1	3207
1	3208
1	3200
1	3200
1	3201
1	3202
1	3203
1	3204
1	3205
1	3206
1	3207
1	3208
1	329
1	329
1	3210
1	3212
1	3213
1	3214
1	3215
1	3216
1	3217
1	3218
1	3220
1	3220
1	3221
1	3222
1	3223
1	3224
1	3225
1	3226
1	3227
1	3228
1	3230
1	3230
1	3231
1	3232
1	3233
1	3234
1	3235
1	3236
1	3237
1	3238
1	3240
1	3240
1	3241
1	3242
1	3243
1	3244
1	3245
1	3246
1	3247
1	3248
1	3250
1	3250
1	3251
1	3252
1	3253
1	3254
1	3255
1	3256
1	3257
1	3258
1	3260
1	3260
1	3261
1	3262
1	3263
1	3264
1	3265
1	3266
1	3267
1	3268
1	3270
1	3270
1	3271
1	3272
1	3273
1	3274
1	3275
1	3276
1	3277
1	3278
1	3280
1	3280
1	3281
1	3282
1	3283
1	3284
1	3285
1	3286
1	3287
1	3288
1	3300
1	3300
1	3301
1	3302
1	3303
1	3304
1	3305
1	3306
1	3307
1	3308
1	3300
1	3300
1	3301
1	3302
1	3303
1	3304
1	3305
1	3306
1	3307
1	3308
1	339
1	339
1	3310
1	3312
1	3313
1	3314
1	3315
1	3316
1	3317
1	3318
1	3320
1	3320
1	3321
1	3322
1	3323
1	3324
1	3325
1	3326
1	3327
1	3328
1	3330
1	3330
1	3331
1	3332
1	3333
1	3334
1	3335
1	3336
1	3337
1	3338
1	3340
1	3340
1	3341
1	3342
1	3343
1	3344
1	3345
1	3346
1	3347
1	3348
1	3350
1	3350
1	3351
1	3352
1	3353
1	3354
1	3355
1	3356
1	3357
1	3358
1	3360
1	3360
1	3361
1	3362
1	3363
1	3364
1	3365
1	3366
1	3367
1	3368
1	3370
1	3370
1	3371
1	3372
1	3373
1	3374
1	3375
1	3376
1	3377
1	3378
1	3380
1	3380
1	3381
1	3382
1	3383
1	3384
1	3385
1	3386
1	3387
1	3388
1	3400
1	3400
1	3401
1	3402
1	3403
1	3404
1	3405
1	3406
1	3407
1	3408
1	3400
1	3400
1	3401
1	3402
1	3403
1	3404
1	3405
1	3406
1	3407
1	3408
1	349
1	349
1	3410
1	3412
1	3413
1	3414
1	3415
1	3416
1	3417
1	3418
1	3420
1	3420
1	3421
1	3422
1	3423
1	3424
1	3425
1	3426
1	3427
1	3428
1	3430
1	3430
1	3431
1	3432
1	3433
1	3434
1	3435
1	3436
1	3437
1	3438
1	3440
1	3440
1	3441
1	3442
1	3443
1	3444
1	3445
1	3446
1	3447
1	3448
1	3450
1	3450
1	3451
1	3452
1	3453
1	3454
1	3455
1	3456
1	3457
1	3458
1	3460
1	3460
1	3461
1	3462
1	3463
1	3464
1	3465
1	3466
1	3467
1	3468
1	3470
1	3470
1	3471
1	3472
1	3473
1	3474
1	3475
1	3476
1	3477
1	3478
1	3480
1	3480
1	3481
1	3482
1	3483
1	3484
1	3485
1	3486
1	3487
1	3488
1	3500
1	3500
1	3501
1	3502
1	3503
1	3504
1	3505
1	3506
1	3507
1	3508
1	3500
1	3500
1	3501
1	3502
1	3503
1	3504
1	3505
1	3506
1	3507
1	3508
1	359
1	359
1	3510
1	3512
1	3513
1	3514
1	3515
1	3516
1	3517
1	3518
1	3520
1	3520
1	3521
1	3522
1	3523
1	3524
1	3525
1	3526
1	3527
1	3528
1	3530
1	3530
1	3531
1	3532
1	3533
1	3534
1	3535
1	3536
1	3537
1	3538
1	3540
1	3540
1	3541
1	3542
1	3543
1	3544
1	3545
1	3546
1	3547
1	3548
1	3550
1	3550
1	3551
1	3552
1	3553
1	3554
1	3555
1	3556
1	3557
1	3558
1	3560
1	3560
1	3561
1	3562
1	3563
1	3564
1	3565
1	3566
1	3567
1	3568
1	3570
1	3570
1	3571
1	3572
1	3573
1	3574
1	3575
1	3576
1	3577
1	3578
1	3580
1	3580
1	3581
1	3582
1	3583
1	3584
1	3585
1	3586
1	3587
1	3588
1	3600
1	3600
1	3601
1	3602
1	3603
1	3604
1	3605
1	3606
1	3607
1	3608
1	3600
1	3600
1	3601
1	3602
1	3603
1	3604
1	3605
1	3606
1	3607
1	3608
1	369
1	369
1	3610
1	3612
1	3613
1	3614
1	3615
1	3616
1	3617
1	3618
1	3620
1	3620
1	3621
1	3622
1	3623
1	3624
1	3625
1	3626
1	3627
1	3628
1	3630
1	3630
1	3631
1	3632
1	3633
1	3634
1	3635
1	3636
1	3637
1	3638
1	3640
1	3640
1	3641
1	3642
1	3643
1	3644
1	3645
1	3646
1	3647
1	3648
1	3650
1	3650
1	3651
1	3652
1	3653
1	3654
1	3655
1	3656
1	3657
1	3658
1	3660
1	3660
1	3661
1	3662
1	3663
1	3664
1	3665
1	3666
1	3667
1	3668
1	3670
1	3670
1	3671
1	3672
1	3673
1	3674
1	3675
1	3676
1	3677
1	3678
1	3680
1	3680
1	3681
1	3682
1	3683
1	3684
1	3685
1	3686
1	3687
1	3688
1	3700
1	3700
1	3701
1	3702
1	3703
1	3704
1	3705
1	3706
1	3707
1	3708
1	3700
1	3700
1	3701
1	3702
1	3703
1	3704
1	3705
1	3706
1	3707
1	3708
1	379
1	379
1	3710
1	3712
1	3713
1	3714
1	3715
1	3716
1	3717
1	3718
1	3720
1	3720
1	3721
1	3722
1	3723
1	3724
1	3725
1	3726
1	3727
1	3728
1	3730
1	3730
1	3731
1	3732
1	3733
1	3734
1	3735
1	3736
1	3737
1	3738
1	3740
1	3740
1	3741
1	3742
1	3743
1	3744
1	3745
1	3746
1	3747
1	3748
1	3750
1	3750
1	3751
1	3752
1	3753
1	3754
1	3755
1	3756
1	3757
1	3758
1	3760
1	3760
1	3761
1	3762
1	3763
1	3764
1	3765
1	3766
1	3767
1	3768
1	3770
1	3770
1	3771
1	3772
1	3773
1	3774
1	3775
1	3776
1	3777
1	3778
1	3780
1	3780
1	3781
1	3782
1	3783
1	3784
1	3785
1	3786
1	3787
1	3788
1	3800
1	3800
1	3801
6	3802
6	3803
6	3804
6	3805
6	3806
6	3807
6	3808
6	3800
6	3800
6	3801
6	3802
6	3803
6	3804
6	3805
6	3806
6	3807
6	3808
6	389
6	389
6	3810
6	3812
6	3813
6	3814
6	3815
6	3816
6	3817
6	3818
6	3820
6	3820
6	3821
6	3822
6	3823
6	3824
6	3825
6	3826
6	3827
6	3828
6	3830
6	3830
6	3831
6	3832
6	3833
6	3834
6	3835
6	3836
6	3837
6	3838
6	3840
6	3840
6	3841
6	3842
6	3843
6	3844
6	3845
6	3846
6	3847
6	3848
6	3850
6	3850
6	3851
6	3852
6	3853
6	3854
6	3855
6	3856
6	3857
6	3858
6	3860
6	3860
6	3861
6	3862
6	3863
6	3864
6	3865
6	3866
6	3867
6	3868
6	3870
6	3870
6	3871
6	3872
6	3873
6	3874
6	3875
6	3876
6	3877
6	3878
6	3880
6	3880
6	3881
6	3882
6	3883
6	3884
6	3885
6	3886
6	3887
6	3888
6	4000
6	4000
6	4001
6	4002
6	4003
6	4004
6	4005
6	4006
6	4007
6	4008
6	4000
6	4000
6	4001
6	4002
6	4003
6	4004
6	4005
6	4006
6	4007
6	4008
6	409
6	409
6	4010
6	4012
6	4013
6	4014
6	4015
6	4016
6	4017
6	4018
6	4020
6	4020
6	4021
6	4022
6	4023
6	4024
6	4025
6	4026
6	4027
6	4028
6	4030
6	4030
6	4031
6	4032
6	4033
6	4034
6	4035
6	4036
6	4037
6	4038
6	4040
6	4040
6	4041
6	4042
6	4043
6	4044
6	4045
6	4046
6	4047
6	4048
6	4050
6	4050
6	4051
6	4052
6	4053
6	4054
6	4055
6	4056
6	4057
6	4058
6	4060
6	4060
6	4061
6	4062
6	4063
6	4064
6	4065
6	4066
6	4067
6	4068
6	4070
6	4070
6	4071
6	4072
6	4073
6	4074
6	4075
6	4076
6	4077
6	4078
6	4080
6	4080
6	4081
6	4082
6	4083
6	4084
6	4085
6	4086
6	4087
6	4088
6	4000
6	4000
6	4001
6	4002
6	4003
6	4004
6	4005
6	4006
6	4007
6	4008
6	4000
6	4000
6	4001
6	4002
6	4003
6	4004
6	4005
6	4006
6	4007
6	4008
6	409
6	409
6	4010
6	4012
6	4013
6	4014
6	4015
6	4016
6	4017
6	4018
6	4020
6	4020
6	4021
6	4022
6	4023
6	4024
6	4025
6	4026
6	4027
6	4028
6	4030
6	4030
6	4031
6	4032
6	4033
6	4034
6	4035
6	4036
6	4037
6	4038
6	4040
6	4040
6	4041
6	4042
6	4043
6	4044
6	4045
6	4046
6	4047
6	4048
6	4050
6	4050
6	4051
6	4052
6	4053
6	4054
6	4055
6	4056
6	4057
6	4058
6	4060
6	4060
6	4061
6	4062
6	4063
6	4064
6	4065
6	4066
6	4067
6	4068
6	4070
6	4070
6	4071
6	4072
6	4073
6	4074
6	4075
6	4076
6	4077
6	4078
6	4080
6	4080
6	4081
6	4082
6	4083
6	4084
6	4085
6	4086
6	4087
6	4088
6	490
6	490
6	491
6	492
6	493
6	494
6	495
6	496
6	497
6	498
6	490
6	490
6	491
6	492
6	493
6	494
6	495
6	496
6	497
6	498
6	419
6	419
6	4101
6	4102
6	4103
6	4104
6	4105
6	4106
6	4107
6	4108
6	4120
6	4120
6	4121
6	4122
6	4123
6	4124
6	4125
6	4126
6	4127
6	4128
6	4130
6	4130
6	4131
6	4132
6	4133
6	4134
6	4135
6	4136
6	4137
6	4138
6	4140
6	4140
6	4141
6	4142
6	4143
6	4144
6	4145
6	4146
6	4147
6	4148
6	4150
6	4150
6	4151
6	4152
6	4153
6	4154
6	4155
6	4156
6	4157
6	4158
6	4160
6	4160
6	4161
6	4162
6	4163
6	4164
6	4165
6	4166
6	4167
6	4168
6	4170
6	4170
6	4171
6	4172
6	4173
6	4174
6	4175
6	4176
6	4177
6	4178
6	4180
6	4180
6	4181
6	4182
6	4183
6	4184
6	4185
6	4186
6	4187
6	4188
6	4200
6	4200
6	4201
6	4202
6	4203
6	4204
6	4205
6	4206
6	4207
6	4208
6	4200
6	4200
6	4201
6	4202
6	4203
6	4204
6	4205
6	4206
6	4207
6	4208
6	429
6	429
6	4210
6	4212
6	4213
6	4214
6	4215
6	4216
6	4217
6	4218
6	4220
6	4220
6	4221
6	4222
6	4223
6	4224
6	4225
6	4226
6	4227
6	4228
6	4230
6	4230
6	4231
6	4232
6	4233
6	4234
6	4235
6	4236
6	4237
6	4238
6	4240
6	4240
6	4241
6	4242
6	4243
6	4244
6	4245
6	4246
6	4247
6	4248
6	4250
6	4250
6	4251
6	4252
6	4253
6	4254
6	4255
6	4256
6	4257
6	4258
6	4260
6	4260
6	4261
6	4262
6	4263
6	4264
6	4265
6	4266
6	4267
6	4268
6	4270
6	4270
6	4271
6	4272
6	4273
6	4274
6	4275
6	4276
6	4277
6	4278
6	4280
6	4280
6	4281
6	4282
6	4283
6	4284
6	4285
6	4286
6	4287
6	4288
6	4300
6	4300
6	4301
6	4302
6	4303
6	4304
6	4305
6	4306
6	4307
6	4308
6	4300
6	4300
6	4301
6	4302
6	4303
6	4304
6	4305
6	4306
6	4307
6	4308
6	439
6	439
6	4310
6	4312
6	4313
6	4314
6	4315
6	4316
6	4317
6	4318
6	4320
6	4320
6	4321
6	4322
6	4323
6	4324
6	4325
6	4326
6	4327
6	4328
6	4330
6	4330
6	4331
6	4332
6	4333
6	4334
6	4335
6	4336
6	4337
6	4338
6	4340
6	4340
6	4341
6	4342
6	4343
6	4344
6	4345
6	4346
6	4347
6	4348
6	4350
6	4350
6	4351
6	4352
6	4353
6	4354
6	4355
6	4356
6	4357
6	4358
6	4360
6	4360
6	4361
6	4362
6	4363
6	4364
6	4365
6	4366
6	4367
6	4368
6	4370
6	4370
6	4371
6	4372
6	4373
6	4374
6	4375
6	4376
6	4377
6	4378
6	4380
6	4380
6	4381
6	4382
6	4383
6	4384
6	4385
6	4386
6	4387
6	4388
6	4400
6	4400
6	4401
6	4402
6	4403
6	4404
6	4405
6	4406
6	4407
6	4408
6	4400
6	4400
6	4401
6	4402
6	4403
6	4404
6	4405
6	4406
6	4407
6	4408
6	449
6	449
6	4410
6	4412
6	4413
6	4414
6	4415
6	4416
6	4417
6	4418
6	4420
6	4420
6	4421
6	4422
6	4423
6	4424
6	4425
6	4426
6	4427
6	4428
6	4430
6	4430
6	4431
6	4432
6	4433
6	4434
6	4435
6	4436
6	4437
6	4438
6	4440
6	4440
6	4441
6	4442
6	4443
6	4444
6	4445
6	4446
6	4447
6	4448
6	4450
6	4450
6	4451
6	4452
6	4453
6	4454
6	4455
6	4456
6	4457
6	4458
6	4460
6	4460
6	4461
6	4462
6	4463
6	4464
6	4465
6	4466
6	4467
6	4468
6	4470
6	4470
6	4471
6	4472
6	4473
6	4474
6	4475
6	4476
6	4477
6	4478
6	4480
6	4480
6	4481
6	4482
6	4483
6	4484
6	4485
6	4486
6	4487
6	4488
6	4500
6	4500
6	4501
6	4502
6	4503
6	4504
6	4505
6	4506
6	4507
6	4508
6	4500
6	4500
6	4501
6	4502
6	4503
6	4504
6	4505
6	4506
6	4507
6	4508
6	459
6	459
6	4510
6	4512
6	4513
6	4514
6	4515
6	4516
6	4517
6	4518
6	4520
6	4520
6	4521
6	4522
6	4523
6	4524
6	4525
6	4526
6	4527
6	4528
6	4530
6	4530
6	4531
6	4532
6	4533
6	4534
6	4535
6	4536
6	4537
6	4538
6	4540
6	4540
6	4541
6	4542
6	4543
6	4544
6	4545
6	4546
6	4547
6	4548
6	4550
6	4550
6	4551
6	4552
6	4553
6	4554
6	4555
6	4556
6	4557
6	4558
6	4560
6	4560
6	4561
6	4562
6	4563
6	4564
6	4565
6	4566
6	4567
6	4568
6	4570
6	4570
6	4571
6	4572
6	4573
6	4574
6	4575
6	4576
6	4577
6	4578
6	4580
6	4580
6	4581
6	4582
6	4583
6	4584
6	4585
6	4586
6	4587
6	4588
6	4600
6	4600
6	4601
6	4602
6	4603
6	4604
6	4605
6	4606
6	4607
6	4608
6	4600
6	4600
6	4601
6	4602
6	4603
6	4604
6	4605
6	4606
6	4607
6	4608
6	469
6	469
6	4610
6	4612
6	4613
6	4614
6	4615
6	4616
6	4617
6	4618
6	4620
6	4620
6	4621
6	4622
6	4623
6	4624
6	4625
6	4626
6	4627
6	4628
6	4630
6	4630
6	4631
6	4632
6	4633
6	4634
6	4635
6	4636
6	4637
6	4638
6	4640
6	4640
6	4641
6	4642
6	4643
6	4644
6	4645
6	4646
6	4647
6	4648
6	4650
6	4650
6	4651
6	4652
6	4653
6	4654
6	4655
6	4656
6	4657
6	4658
6	4660
6	4660
6	4661
6	4662
6	4663
6	4664
6	4665
6	4666
6	4667
6	4668
6	4670
6	4670
6	4671
6	4672
6	4673
6	4674
6	4675
6	4676
6	4677
6	4678
6	4680
6	4680
6	4681
6	4682
6	4683
6	4684
6	4685
6	4686
6	4687
6	4688
6	4700
6	4700
6	4701
6	4702
6	4703
6	4704
6	4705
6	4706
6	4707
6	4708
6	4700
6	4700
6	4701
6	4702
6	4703
6	4704
6	4705
6	4706
6	4707
6	4708
6	479
6	479
6	4710
6	4712
6	4713
6	4714
6	4715
6	4716
6	4717
6	4718
6	4720
6	4720
6	4721
6	4722
6	4723
6	4724
6	4725
6	4726
6	4727
6	4728
6	4730
6	4730
6	4731
6	4732
6	4733
6	4734
6	4735
6	4736
6	4737
6	4738
6	4740
6	4740
6	4741
6	4742
6	4743
6	4744
6	4745
6	4746
6	4747
6	4748
6	4750
6	4750
6	4751
6	4752
6	4753
6	4754
6	4755
6	4756
6	4757
6	4758
6	4760
6	4760
6	4761
6	4762
6	4763
6	4764
6	4765
6	4766
6	4767
6	4768
6	4770
6	4770
6	4771
6	4772
6	4773
6	4774
6	4775
6	4776
6	4777
6	4778
6	4780
6	4780
6	4781
6	4782
6	4783
6	4784
6	4785
6	4786
6	4787
6	4788
6	4800
6	4800
6	4801
6	4802
6	4803
6	4804
6	4805
6	4806
6	4807
6	4808
6	4800
6	4800
6	4801
6	4802
6	4803
6	4804
6	4805
6	4806
6	4807
6	4808
6	489
6	489
6	4810
6	4812
6	4813
6	4814
6	4815
6	4816
6	4817
6	4818
6	4820
6	4820
6	4821
6	4822
6	4823
6	4824
6	4825
6	4826
6	4827
6	4828
6	4830
6	4830
6	4831
6	4832
6	4833
6	4834
6	4835
6	4836
6	4837
6	4838
6	4840
6	4840
6	4841
6	4842
6	4843
6	4844
6	4845
6	4846
6	4847
6	4848
6	4850
6	4850
6	4851
6	4852
6	4853
6	4854
6	4855
6	4856
6	4857
6	4858
6	4860
6	4860
6	4861
6	4862
6	4863
6	4864
6	4865
6	4866
6	4867
6	4868
6	4870
6	4870
6	4871
6	4872
6	4873
6	4874
6	4875
6	4876
6	4877
6	4878
6	4880
6	4880
6	4881
6	4882
6	4883
6	4884
6	4885
6	4886
6	4887
6	4888
6	5000
6	5000
6	5001
6	5002
6	5003
6	5004
6	5005
6	5006
6	5007
6	5008
6	5000
6	5000
6	5001
6	5002
6	5003
6	5004
6	5005
6	5006
6	5007
6	5008
6	509
6	509
6	5010
6	5012
6	5013
6	5014
6	5015
6	5016
6	5017
6	5018
6	5020
6	5020
6	5021
6	5022
6	5023
6	5024
6	5025
6	5026
6	5027
6	5028
6	5030
6	5030
6	5031
6	5032
6	5033
6	5034
6	5035
6	5036
6	5037
6	5038
6	5040
6	5040
6	5041
6	5042
6	5043
6	5044
6	5045
6	5046
6	5047
6	5048
6	5050
6	5050
6	5051
6	5052
6	5053
6	5054
6	5055
6	5056
6	5057
6	5058
6	5060
6	5060
6	5061
6	5062
6	5063
6	5064
6	5065
6	5066
6	5067
6	5068
6	5070
6	5070
6	5071
6	5072
6	5073
6	5074
6	5075
6	5076
6	5077
6	5078
6	5080
6	5080
6	5081
6	5082
6	5083
6	5084
6	5085
6	5086
6	5087
6	5088
6	5000
6	5000
6	5001
6	5002
6	5003
6	5004
6	5005
6	5006
6	5007
6	5008
6	5000
6	5000
6	5001
6	5002
6	5003
6	5004
6	5005
6	5006
6	5007
6	5008
6	509
6	509
6	5010
6	5012
6	5013
6	5014
6	5015
6	5016
6	5017
6	5018
6	5020
6	5020
6	5021
6	5022
6	5023
6	5024
6	5025
6	5026
6	5027
6	5028
6	5030
6	5030
6	5031
6	5032
6	5033
6	5034
2	5035
2	5036
2	5037
2	5038
2	5040
2	5040
2	5041
2	5042
2	5043
2	5044
2	5045
2	5046
2	5047
2	5048
2	5050
2	5050
2	5051
2	5052
2	5053
2	5054
2	5055
2	5056
2	5057
2	5058
2	5060
2	5060
2	5061
2	5062
2	5063
2	5064
2	5065
2	5066
2	5067
2	5068
2	5070
2	5070
2	5071
2	5072
2	5073
2	5074
2	5075
2	5076
2	5077
2	5078
2	5080
2	5080
2	5081
2	5082
2	5083
2	5084
2	5085
2	5086
2	5087
2	5088
2	590
2	590
2	591
2	592
2	593
2	594
2	595
2	596
2	597
2	598
2	590
2	590
2	591
2	592
2	593
2	594
2	595
2	596
2	597
2	598
2	519
2	519
2	5101
2	5102
2	5103
2	5104
2	5105
2	5106
2	5107
2	5108
2	5120
2	5120
2	5121
2	5122
2	5123
2	5124
2	5125
2	5126
2	5127
2	5128
2	5130
2	5130
2	5131
2	5132
2	5133
2	5134
2	5135
2	5136
2	5137
2	5138
2	5140
2	5140
2	5141
2	5142
2	5143
2	5144
2	5145
2	5146
2	5147
2	5148
2	5150
2	5150
2	5151
2	5152
2	5153
2	5154
2	5155
2	5156
2	5157
2	5158
2	5160
2	5160
2	5161
2	5162
2	5163
2	5164
2	5165
2	5166
2	5167
2	5168
2	5170
2	5170
2	5171
2	5172
2	5173
2	5174
2	5175
2	5176
2	5177
2	5178
2	5180
2	5180
2	5181
2	5182
2	5183
2	5184
2	5185
2	5186
2	5187
2	5188
2	5200
2	5200
2	5201
2	5202
2	5203
2	5204
2	5205
2	5206
2	5207
2	5208
2	5200
2	5200
2	5201
2	5202
2	5203
2	5204
2	5205
2	5206
2	5207
2	5208
2	529
2	529
2	5210
2	5212
2	5213
2	5214
2	5215
2	5216
2	5217
2	5218
2	5220
2	5220
2	5221
2	5222
2	5223
2	5224
2	5225
2	5226
2	5227
2	5228
2	5230
2	5230
2	5231
2	5232
2	5233
2	5234
2	5235
2	5236
2	5237
2	5238
2	5240
2	5240
2	5241
2	5242
2	5243
2	5244
2	5245
2	5246
2	5247
2	5248
2	5250
2	5250
2	5251
2	5252
2	5253
2	5254
2	5255
2	5256
2	5257
2	5258
2	5260
2	5260
2	5261
2	5262
2	5263
2	5264
2	5265
2	5266
2	5267
2	5268
2	5270
2	5270
2	5271
2	5272
2	5273
2	5274
2	5275
2	5276
2	5277
2	5278
2	5280
2	5280
2	5281
2	5282
2	5283
2	5284
2	5285
2	5286
2	5287
2	5288
2	5300
2	5300
2	5301
2	5302
2	5303
2	5304
2	5305
2	5306
2	5307
2	5308
2	5300
2	5300
2	5301
2	5302
2	5303
2	5304
2	5305
2	5306
2	5307
2	5308
2	539
2	539
2	5310
2	5312
2	5313
2	5314
2	5315
2	5316
2	5317
2	5318
2	5320
2	5320
2	5321
2	5322
2	5323
2	5324
2	5325
2	5326
2	5327
2	5328
2	5330
2	5330
2	5331
2	5332
2	5333
2	5334
2	5335
2	5336
2	5337
2	5338
2	5340
2	5340
2	5341
2	5342
2	5343
2	5344
2	5345
2	5346
2	5347
2	5348
2	5350
2	5350
2	5351
2	5352
2	5353
2	5354
2	5355
2	5356
2	5357
2	5358
2	5360
2	5360
2	5361
2	5362
2	5363
2	5364
2	5365
2	5366
2	5367
2	5368
2	5370
2	5370
2	5371
2	5372
2	5373
2	5374
2	5375
2	5376
2	5377
2	5378
2	5380
2	5380
2	5381
2	5382
2	5383
2	5384
2	5385
2	5386
2	5387
2	5388
2	5400
2	5400
2	5401
2	5402
2	5403
2	5404
2	5405
2	5406
2	5407
2	5408
2	5400
2	5400
2	5401
2	5402
2	5403
2	5404
2	5405
2	5406
2	5407
2	5408
2	549
2	549
2	5410
2	5412
2	5413
2	5414
2	5415
2	5416
2	5417
2	5418
2	5420
2	5420
2	5421
2	5422
2	5423
2	5424
2	5425
2	5426
2	5427
2	5428
2	5430
2	5430
2	5431
2	5432
2	5433
2	5434
2	5435
2	5436
2	5437
2	5438
2	5440
2	5440
2	5441
2	5442
2	5443
2	5444
2	5445
2	5446
2	5447
2	5448
2	5450
2	5450
2	5451
2	5452
2	5453
2	5454
2	5455
2	5456
2	5457
2	5458
2	5460
2	5460
2	5461
2	5462
2	5463
2	5464
2	5465
2	5466
2	5467
2	5468
2	5470
2	5470
2	5471
2	5472
2	5473
2	5474
2	5475
2	5476
2	5477
2	5478
2	5480
2	5480
2	5481
2	5482
2	5483
2	5484
2	5485
2	5486
2	5487
2	5488
2	5500
2	5500
2	5501
2	5502
2	5503
2	5504
2	5505
2	5506
2	5507
2	5508
2	5500
2	5500
2	5501
2	5502
2	5503
2	5504
2	5505
2	5506
2	5507
2	5508
2	559
2	559
2	5510
2	5512
2	5513
2	5514
2	5515
2	5516
2	5517
2	5518
2	5520
2	5520
2	5521
2	5522
2	5523
2	5524
2	5525
2	5526
2	5527
2	5528
2	5530
2	5530
2	5531
2	5532
2	5533
2	5534
2	5535
2	5536
2	5537
2	5538
2	5540
2	5540
2	5541
2	5542
2	5543
2	5544
2	5545
2	5546
2	5547
2	5548
2	5550
2	5550
2	5551
2	5552
2	5553
2	5554
2	5555
2	5556
2	5557
2	5558
2	5560
2	5560
2	5561
2	5562
2	5563
2	5564
2	5565
2	5566
2	5567
2	5568
2	5570
2	5570
2	5571
2	5572
2	5573
2	5574
2	5575
2	5576
2	5577
2	5578
2	5580
2	5580
2	5581
2	5582
2	5583
2	5584
2	5585
2	5586
2	5587
2	5588
2	5600
2	5600
2	5601
2	5602
2	5603
2	5604
2	5605
2	5606
2	5607
2	5608
2	5600
2	5600
2	5601
2	5602
2	5603
2	5604
2	5605
2	5606
2	5607
2	5608
2	569
2	569
2	5610
2	5612
2	5613
2	5614
2	5615
2	5616
2	5617
2	5618
2	5620
2	5620
2	5621
2	5622
2	5623
2	5624
2	5625
2	5626
2	5627
2	5628
2	5630
2	5630
2	5631
2	5632
2	5633
2	5634
2	5635
2	5636
2	5637
2	5638
2	5640
2	5640
2	5641
2	5642
2	5643
2	5644
2	5645
2	5646
2	5647
2	5648
2	5650
2	5650
2	5651
2	5652
2	5653
2	5654
2	5655
2	5656
2	5657
2	5658
2	5660
2	5660
2	5661
2	5662
2	5663
2	5664
2	5665
2	5666
2	5667
2	5668
2	5670
2	5670
2	5671
2	5672
2	5673
2	5674
2	5675
2	5676
2	5677
2	5678
2	5680
2	5680
2	5681
2	5682
2	5683
2	5684
2	5685
2	5686
2	5687
2	5688
2	5700
2	5700
2	5701
2	5702
2	5703
2	5704
2	5705
2	5706
2	5707
2	5708
2	5700
2	5700
2	5701
2	5702
2	5703
2	5704
2	5705
2	5706
2	5707
2	5708
2	579
2	579
2	5710
2	5712
2	5713
2	5714
2	5715
2	5716
2	5717
2	5718
2	5720
2	5720
2	5721
2	5722
2	5723
2	5724
2	5725
2	5726
2	5727
2	5728
2	5730
2	5730
2	5731
2	5732
2	5733
2	5734
2	5735
2	5736
2	5737
2	5738
2	5740
2	5740
2	5741
2	5742
2	5743
2	5744
2	5745
2	5746
2	5747
2	5748
2	5750
2	5750
2	5751
2	5752
2	5753
2	5754
2	5755
2	5756
2	5757
2	5758
2	5760
2	5760
2	5761
2	5762
2	5763
2	5764
2	5765
2	5766
2	5767
2	5768
2	5770
2	5770
2	5771
2	5772
2	5773
2	5774
2	5775
2	5776
2	5777
2	5778
2	5780
2	5780
2	5781
2	5782
2	5783
2	5784
2	5785
2	5786
2	5787
2	5788
2	5800
2	5800
2	5801
2	5802
2	5803
2	5804
2	5805
2	5806
2	5807
2	5808
2	5800
2	5800
2	5801
2	5802
2	5803
2	5804
2	5805
2	5806
2	5807
2	5808
2	589
2	589
2	5810
2	5812
2	5813
2	5814
2	5815
2	5816
2	5817
2	5818
2	5820
2	5820
2	5821
2	5822
2	5823
2	5824
2	5825
2	5826
2	5827
2	5828
2	5830
2	5830
2	5831
2	5832
2	5833
2	5834
2	5835
2	5836
2	5837
2	5838
2	5840
2	5840
2	5841
2	5842
2	5843
2	5844
2	5845
2	5846
2	5847
2	5848
2	5850
2	5850
2	5851
2	5852
2	5853
2	5854
2	5855
2	5856
2	5857
2	5858
2	5860
2	5860
2	5861
2	5862
2	5863
2	5864
2	5865
2	5866
2	5867
2	5868
2	5870
2	5870
2	5871
2	5872
2	5873
2	5874
2	5875
2	5876
2	5877
2	5878
2	5880
2	5880
2	5881
2	5882
2	5883
2	5884
2	5885
2	5886
2	5887
2	5888
2	6000
2	6000
2	6001
2	6002
2	6003
2	6004
2	6005
2	6006
2	6007
2	6008
2	6000
2	6000
2	6001
2	6002
2	6003
2	6004
2	6005
2	6006
2	6007
2	6008
2	609
2	609
2	6010
2	6012
2	6013
2	6014
2	6015
2	6016
2	6017
2	6018
2	6020
2	6020
2	6021
2	6022
2	6023
2	6024
2	6025
2	6026
2	6027
2	6028
2	6030
2	6030
2	6031
2	6032
2	6033
2	6034
2	6035
2	6036
8	6037
8	6038
8	6040
8	6040
8	6041
8	6042
8	6043
8	6044
8	6045
8	6046
8	6047
8	6048
8	6050
8	6050
8	6051
8	6052
8	6053
8	6054
8	6055
8	6056
8	6057
8	6058
8	6060
8	6060
8	6061
8	6062
8	6063
8	6064
8	6065
8	6066
8	6067
8	6068
8	6070
8	6070
8	6071
8	6072
8	6073
8	6074
8	6075
8	6076
8	6077
8	6078
8	6080
8	6080
8	6081
8	6082
8	6083
8	6084
8	6085
8	6086
8	6087
8	6088
8	6000
8	6000
8	6001
8	6002
8	6003
8	6004
8	6005
8	6006
8	6007
8	6008
8	6000
8	6000
8	6001
8	6002
8	6003
8	6004
8	6005
8	6006
8	6007
8	6008
8	609
8	609
8	6010
8	6012
8	6013
8	6014
8	6015
8	6016
8	6017
8	6018
8	6020
8	6020
8	6021
8	6022
8	6023
8	6024
8	6025
8	6026
8	6027
8	6028
8	6030
8	6030
8	6031
8	6032
8	6033
8	6034
8	6035
8	6036
8	6037
8	6038
8	6040
8	6040
8	6041
8	6042
8	6043
8	6044
8	6045
8	6046
8	6047
8	6048
8	6050
8	6050
8	6051
8	6052
8	6053
8	6054
8	6055
8	6056
8	6057
8	6058
8	6060
8	6060
8	6061
8	6062
8	6063
8	6064
8	6065
8	6066
8	6067
8	6068
8	6070
8	6070
8	6071
8	6072
8	6073
8	6074
8	6075
8	6076
8	6077
8	6078
8	6080
8	6080
8	6081
8	6082
8	6083
8	6084
8	6085
8	6086
8	6087
8	6088
8	690
8	690
8	691
8	692
8	693
8	694
8	695
8	696
8	697
8	698
8	690
8	690
8	691
8	692
8	693
8	694
8	695
8	696
8	697
8	698
8	619
8	619
8	6101
8	6102
8	6103
8	6104
8	6105
8	6106
8	6107
8	6108
8	6120
8	6120
8	6121
8	6122
8	6123
8	6124
8	6125
8	6126
8	6127
8	6128
8	6130
8	6130
8	6131
8	6132
8	6133
8	6134
8	6135
8	6136
8	6137
8	6138
8	6140
8	6140
8	6141
8	6142
8	6143
8	6144
8	6145
8	6146
8	6147
8	6148
8	6150
8	6150
8	6151
8	6152
8	6153
8	6154
8	6155
8	6156
8	6157
8	6158
8	6160
8	6160
8	6161
8	6162
8	6163
8	6164
8	6165
8	6166
8	6167
8	6168
8	6170
8	6170
8	6171
8	6172
8	6173
8	6174
8	6175
8	6176
8	6177
8	6178
8	6180
8	6180
8	6181
8	6182
8	6183
8	6184
8	6185
8	6186
8	6187
8	6188
8	6200
8	6200
8	6201
8	6202
8	6203
8	6204
8	6205
8	6206
8	6207
8	6208
8	6200
8	6200
8	6201
8	6202
8	6203
8	6204
8	6205
8	6206
8	6207
8	6208
8	629
8	629
8	6210
8	6212
8	6213
8	6214
8	6215
8	6216
8	6217
8	6218
8	6220
8	6220
8	6221
8	6222
8	6223
8	6224
8	6225
8	6226
8	6227
8	6228
8	6230
8	6230
8	6231
8	6232
8	6233
8	6234
8	6235
8	6236
8	6237
8	6238
8	6240
8	6240
8	6241
8	6242
8	6243
8	6244
8	6245
8	6246
8	6247
8	6248
8	6250
8	6250
8	6251
8	6252
8	6253
8	6254
8	6255
8	6256
8	6257
8	6258
8	6260
8	6260
8	6261
8	6262
8	6263
8	6264
8	6265
8	6266
8	6267
8	6268
8	6270
8	6270
8	6271
8	6272
8	6273
8	6274
8	6275
8	6276
8	6277
8	6278
8	6280
8	6280
8	6281
8	6282
8	6283
8	6284
8	6285
8	6286
8	6287
8	6288
8	6300
8	6300
8	6301
8	6302
8	6303
8	6304
8	6305
8	6306
8	6307
8	6308
8	6300
8	6300
8	6301
8	6302
8	6303
8	6304
8	6305
8	6306
8	6307
8	6308
8	639
8	639
8	6310
8	6312
8	6313
8	6314
8	6315
8	6316
8	6317
8	6318
8	6320
8	6320
8	6321
8	6322
8	6323
8	6324
8	6325
8	6326
8	6327
8	6328
8	6330
8	6330
8	6331
8	6332
8	6333
8	6334
8	6335
8	6336
8	6337
8	6338
8	6340
8	6340
8	6341
8	6342
8	6343
8	6344
8	6345
8	6346
8	6347
8	6348
8	6350
8	6350
8	6351
8	6352
8	6353
8	6354
8	6355
8	6356
8	6357
8	6358
8	6360
8	6360
8	6361
8	6362
8	6363
8	6364
8	6365
8	6366
8	6367
8	6368
8	6370
8	6370
8	6371
8	6372
8	6373
8	6374
8	6375
8	6376
8	6377
8	6378
8	6380
8	6380
8	6381
8	6382
8	6383
8	6384
8	6385
8	6386
8	6387
8	6388
8	6400
8	6400
8	6401
8	6402
8	6403
8	6404
8	6405
8	6406
8	6407
8	6408
8	6400
8	6400
8	6401
8	6402
8	6403
8	6404
8	6405
8	6406
8	6407
8	6408
8	649
8	649
8	6410
8	6412
8	6413
8	6414
8	6415
8	6416
8	6417
8	6418
8	6420
8	6420
8	6421
8	6422
8	6423
8	6424
8	6425
8	6426
8	6427
8	6428
8	6430
8	6430
8	6431
8	6432
8	6433
8	6434
8	6435
8	6436
8	6437
8	6438
8	6440
8	6440
8	6441
8	6442
8	6443
8	6444
8	6445
8	6446
8	6447
8	6448
8	6450
8	6450
8	6451
8	6452
8	6453
8	6454
8	6455
8	6456
8	6457
8	6458
0	6460
0	6460
0	6461
0	6462
0	6463
0	6464
0	6465
0	6466
0	6467
0	6468
0	6470
0	6470
0	6471
0	6472
0	6473
0	6474
0	6475
0	6476
0	6477
0	6478
0	6480
0	6480
0	6481
0	6482
0	6483
0	6484
0	6485
0	6486
0	6487
0	6488
0	6500
0	6500
0	6501
0	6502
0	6503
0	6504
0	6505
0	6506
0	6507
0	6508
0	6500
0	6500
0	6501
0	6502
0	6503
0	6504
0	6505
0	6506
0	6507
0	6508
0	659
0	659
0	6510
0	6512
0	6513
0	6514
0	6515
0	6516
0	6517
0	6518
0	6520
0	6520
0	6521
0	6522
0	6523
0	6524
0	6525
0	6526
0	6527
0	6528
0	6530
0	6530
0	6531
0	6532
0	6533
0	6534
0	6535
0	6536
0	6537
0	6538
0	6540
0	6540
0	6541
0	6542
0	6543
0	6544
0	6545
0	6546
0	6547
0	6548
0	6550
0	6550
0	6551
0	6552
0	6553
0	6554
0	6555
0	6556
0	6557
0	6558
0	6560
0	6560
0	6561
0	6562
0	6563
0	6564
0	6565
0	6566
0	6567
0	6568
0	6570
0	6570
0	6571
0	6572
0	6573
0	6574
0	6575
0	6576
0	6577
0	6578
0	6580
0	6580
0	6581
0	6582
0	6583
0	6584
0	6585
0	6586
0	6587
0	6588
0	6600
0	6600
0	6601
0	6602
0	6603
0	6604
0	6605
0	6606
0	6607
0	6608
0	6600
0	6600
0	6601
0	6602
0	6603
0	6604
0	6605
0	6606
0	6607
0	6608
0	669
0	669
0	6610
0	6612
0	6613
0	6614
0	6615
0	6616
0	6617
0	6618
0	6620
0	6620
0	6621
0	6622
0	6623
0	6624
0	6625
0	6626
0	6627
0	6628
0	6630
0	6630
0	6631
0	6632
0	6633
0	6634
0	6635
0	6636
0	6637
0	6638
0	6640
0	6640
0	6641
0	6642
0	6643
0	6644
0	6645
0	6646
0	6647
0	6648
0	6650
0	6650
0	6651
0	6652
0	6653
0	6654
0	6655
0	6656
0	6657
0	6658
0	6660
0	6660
0	6661
0	6662
0	6663
0	6664
0	6665
0	6666
0	6667
0	6668
0	6670
0	6670
0	6671
0	6672
0	6673
0	6674
0	6675
0	6676
0	6677
0	6678
0	6680
0	6680
0	6681
0	6682
0	6683
0	6684
0	6685
0	6686
0	6687
0	6688
0	6700
0	6700
0	6701
0	6702
0	6703
0	6704
0	6705
0	6706
0	6707
0	6708
0	6700
0	6700
0	6701
0	6702
0	6703
0	6704
0	6705
0	6706
0	6707
0	6708
0	679
0	679
0	6710
0	6712
0	6713
0	6714
0	6715
0	6716
0	6717
0	6718
0	6720
0	6720
0	6721
0	6722
0	6723
0	6724
0	6725
0	6726
0	6727
0	6728
0	6730
0	6730
0	6731
0	6732
0	6733
0	6734
0	6735
0	6736
0	6737
0	6738
0	6740
0	6740
0	6741
0	6742
0	6743
0	6744
0	6745
0	6746
0	6747
0	6748
0	6750
0	6750
0	6751
0	6752
0	6753
0	6754
0	6755
0	6756
0	6757
0	6758
0	6760
0	6760
0	6761
0	6762
0	6763
0	6764
0	6765
0	6766
0	6767
0	6768
0	6770
0	6770
0	6771
0	6772
0	6773
0	6774
0	6775
0	6776
0	6777
0	6778
0	6780
0	6780
0	6781
0	6782
0	6783
0	6784
0	6785
0	6786
0	6787
0	6788
0	6800
0	6800
0	6801
0	6802
0	6803
0	6804
0	6805
0	6806
0	6807
0	6808
0	6800
0	6800
0	6801
0	6802
0	6803
0	6804
0	6805
0	6806
0	6807
0	6808
0	689
0	689
0	6810
0	6812
0	6813
0	6814
0	6815
0	6816
0	6817
0	6818
0	6820
0	6820
0	6821
0	6822
0	6823
0	6824
0	6825
0	6826
0	6827
0	6828
0	6830
0	6830
0	6831
0	6832
0	6833
0	6834
0	6835
0	6836
0	6837
0	6838
0	6840
0	6840
0	6841
0	6842
0	6843
0	6844
0	6845
0	6846
0	6847
0	6848
0	6850
0	6850
0	6851
0	6852
0	6853
0	6854
0	6855
0	6856
0	6857
0	6858
0	6860
0	6860
0	6861
0	6862
0	6863
0	6864
0	6865
0	6866
0	6867
0	6868
0	6870
0	6870
0	6871
0	6872
0	6873
0	6874
0	6875
0	6876
0	6877
0	6878
0	6880
0	6880
0	6881
0	6882
0	6883
0	6884
0	6885
0	6886
0	6887
0	6888
0	7000
0	7000
0	7001
0	7002
0	7003
0	7004
0	7005
0	7006
0	7007
0	7008
0	7000
0	7000
0	7001
0	7002
0	7003
0	7004
0	7005
0	7006
0	7007
0	7008
0	709
0	709
0	7010
0	7012
0	7013
0	7014
0	7015
0	7016
0	7017
0	7018
0	7020
0	7020
0	7021
0	7022
0	7023
0	7024
0	7025
0	7026
0	7027
0	7028
0	7030
0	7030
0	7031
0	7032
0	7033
0	7034
0	7035
0	7036
0	7037
0	7038
0	7040
0	7040
0	7041
0	7042
0	7043
0	7044
0	7045
0	7046
0	7047
0	7048
0	7050
0	7050
0	7051
0	7052
0	7053
0	7054
0	7055
0	7056
0	7057
0	7058
0	7060
0	7060
0	7061
0	7062
0	7063
0	7064
0	7065
0	7066
0	7067
0	7068
0	7070
0	7070
0	7071
0	7072
0	7073
0	7074
0	7075
0	7076
0	7077
0	7078
0	7080
0	7080
0	7081
0	7082
0	7083
0	7084
0	7085
0	7086
0	7087
0	7088
0	7000
0	7000
0	7001
0	7002
0	7003
0	7004
0	7005
0	7006
0	7007
0	7008
0	7000
0	7000
0	7001
0	7002
0	7003
0	7004
0	7005
0	7006
0	7007
0	7008
0	709
0	709
0	7010
0	7012
0	7013
0	7014
0	7015
0	7016
0	7017
0	7018
0	7020
0	7020
0	7021
0	7022
0	7023
0	7024
0	7025
0	7026
0	7027
0	7028
0	7030
0	7030
0	7031
0	7032
0	7033
0	7034
0	7035
0	7036
0	7037
0	7038
0	7040
0	7040
0	7041
0	7042
0	7043
0	7044
0	7045
0	7046
0	7047
0	7048
0	7050
0	7050
0	7051
0	7052
0	7053
0	7054
0	7055
0	7056
0	7057
0	7058
0	7060
0	7060
0	7061
0	7062
0	7063
0	7064
0	7065
0	7066
0	7067
0	7068
0	7070
0	7070
0	7071
0	7072
0	7073
0	7074
0	7075
0	7076
0	7077
0	7078
0	7080
0	7080
0	7081
0	7082
0	7083
0	7084
0	7085
0	7086
0	7087
0	7088
0	790
0	790
0	791
0	792
0	793
0	794
0	795
0	796
0	797
0	798
0	790
0	790
0	791
0	792
0	793
0	794
0	795
0	796
0	797
0	798
0	719
0	719
0	7101
0	7102
0	7103
0	7104
0	7105
0	7106
0	7107
0	7108
0	7120
0	7120
0	7121
0	7122
0	7123
0	7124
0	7125
0	7126
0	7127
0	7128
0	7130
0	7130
0	7131
0	7132
0	7133
0	7134
0	7135
0	7136
0	7137
0	7138
0	7140
0	7140
0	7141
0	7142
0	7143
0	7144
0	7145
0	7146
0	7147
0	7148
0	7150
0	7150
0	7151
0	7152
0	7153
0	7154
0	7155
0	7156
0	7157
0	7158
0	7160
0	7160
0	7161
0	7162
0	7163
0	7164
0	7165
0	7166
0	7167
0	7168
0	7170
0	7170
0	7171
0	7172
0	7173
0	7174
0	7175
0	7176
0	7177
0	7178
0	7180
0	7180
0	7181
0	7182
0	7183
0	7184
0	7185
0	7186
0	7187
0	7188
0	7200
0	7200
0	7201
0	7202
0	7203
0	7204
0	7205
0	7206
0	7207
0	7208
0	7200
0	7200
0	7201
0	7202
0	7203
0	7204
0	7205
0	7206
0	7207
0	7208
0	729
0	729
0	7210
0	7212
0	7213
0	7214
0	7215
0	7216
0	7217
0	7218
0	7220
0	7220
0	7221
0	7222
0	7223
0	7224
0	7225
00	7226
00	7227
00	7228
00	7230
00	7230
00	7231
00	7232
00	7233
00	7234
00	7235
00	7236
00	7237
00	7238
00	7240
00	7240
00	7241
00	7242
00	7243
00	7244
00	7245
00	7246
00	7247
00	7248
00	7250
00	7250
00	7251
00	7252
00	7253
00	7254
00	7255
00	7256
00	7257
00	7258
00	7260
00	7260
00	7261
00	7262
00	7263
00	7264
00	7265
00	7266
00	7267
00	7268
00	7270
00	7270
00	7271
00	7272
00	7273
00	7274
00	7275
00	7276
00	7277
00	7278
00	7280
00	7280
00	7281
00	7282
00	7283
00	7284
00	7285
00	7286
00	7287
00	7288
00	7300
00	7300
00	7301
00	7302
00	7303
00	7304
00	7305
00	7306
00	7307
00	7308
00	7300
00	7300
00	7301
00	7302
00	7303
00	7304
00	7305
00	7306
00	7307
00	7308
00	739
00	739
00	7310
00	7312
00	7313
00	7314
00	7315
00	7316
00	7317
00	7318
00	7320
00	7320
00	7321
00	7322
00	7323
00	7324
00	7325
00	7326
00	7327
00	7328
00	7330
00	7330
00	7331
00	7332
00	7333
00	7334
00	7335
00	7336
00	7337
00	7338
00	7340
00	7340
00	7341
00	7342
00	7343
00	7344
00	7345
00	7346
00	7347
00	7348
00	7350
00	7350
00	7351
00	7352
00	7353
00	7354
00	7355
00	7356
00	7357
00	7358
00	7360
00	7360
00	7361
00	7362
00	7363
00	7364
00	7365
00	7366
00	7367
00	7368
00	7370
00	7370
00	7371
00	7372
00	7373
00	7374
00	7375
00	7376
00	7377
00	7378
00	7380
00	7380
00	7381
00	7382
00	7383
00	7384
00	7385
00	7386
00	7387
00	7388
00	7400
00	7400
00	7401
00	7402
00	7403
00	7404
00	7405
00	7406
00	7407
00	7408
00	7400
00	7400
00	7401
00	7402
00	7403
00	7404
00	7405
00	7406
00	7407
00	7408
00	749
00	749
00	7410
00	7412
00	7413
00	7414
00	7415
00	7416
00	7417
00	7418
00	7420
00	7420
00	7421
00	7422
00	7423
00	7424
00	7425
00	7426
00	7427
00	7428
00	7430
00	7430
00	7431
00	7432
00	7433
00	7434
00	7435
00	7436
00	7437
00	7438
00	7440
00	7440
00	7441
00	7442
00	7443
00	7444
00	7445
00	7446
00	7447
00	7448
00	7450
00	7450
00	7451
00	7452
00	7453
00	7454
00	7455
00	7456
00	7457
00	7458
00	7460
00	7460
00	7461
00	7462
00	7463
00	7464
00	7465
00	7466
00	7467
00	7468
00	7470
00	7470
00	7471
00	7472
00	7473
00	7474
00	7475
00	7476
00	7477
00	7478
00	7480
00	7480
00	7481
00	7482
00	7483
00	7484
00	7485
00	7486
00	7487
00	7488
00	7500
00	7500
00	7501
00	7502
00	7503
00	7504
00	7505
00	7506
00	7507
00	7508
00	7500
00	7500
00	7501
00	7502
00	7503
00	7504
00	7505
00	7506
00	7507
00	7508
00	759
00	759
00	7510
00	7512
00	7513
00	7514
00	7515
00	7516
00	7517
00	7518
00	7520
00	7520
00	7521
00	7522
00	7523
00	7524
00	7525
00	7526
00	7527
00	7528
00	7530
00	7530
00	7531
00	7532
00	7533
00	7534
00	7535
00	7536
00	7537
00	7538
00	7540
00	7540
00	7541
00	7542
00	7543
00	7544
00	7545
00	7546
00	7547
00	7548
00	7550
00	7550
00	7551
00	7552
00	7553
00	7554
00	7555
00	7556
00	7557
00	7558
00	7560
00	7560
00	7561
00	7562
00	7563
00	7564
00	7565
00	7566
00	7567
00	7568
00	7570
00	7570
00	7571
00	7572
00	7573
00	7574
00	7575
00	7576
00	7577
00	7578
00	7580
00	7580
00	7581
00	7582
00	7583
00	7584
00	7585
00	7586
00	7587
00	7588
00	7600
00	7600
00	7601
00	7602
00	7603
00	7604
00	7605
00	7606
00	7607
00	7608
00	7600
00	7600
00	7601
00	7602
00	7603
00	7604
00	7605
00	7606
00	7607
00	7608
00	769
00	769
00	7610
00	7612
00	7613
00	7614
00	7615
00	7616
00	7617
00	7618
00	7620
00	7620
00	7621
00	7622
00	7623
00	7624
00	7625
00	7626
00	7627
00	7628
00	7630
00	7630
00	7631
00	7632
00	7633
00	7634
00	7635
00	7636
00	7637
00	7638
00	7640
00	7640
00	7641
00	7642
00	7643
00	7644
00	7645
00	7646
00	7647
00	7648
00	7650
00	7650
00	7651
00	7652
00	7653
00	7654
00	7655
00	7656
00	7657
00	7658
00	7660
00	7660
00	7661
00	7662
00	7663
00	7664
00	7665
00	7666
00	7667
00	7668
00	7670
00	7670
00	7671
00	7672
00	7673
00	7674
00	7675
00	7676
00	7677
00	7678
00	7680
00	7680
00	7681
00	7682
00	7683
00	7684
00	7685
00	7686
00	7687
00	7688
00	7700
00	7700
00	7701
00	7702
00	7703
00	7704
00	7705
00	7706
00	7707
00	7708
00	7700
00	7700
00	7701
00	7702
00	7703
00	7704
00	7705
00	7706
00	7707
00	7708
00	779
00	779
00	7710
00	7712
00	7713
00	7714
00	7715
00	7716
00	7717
00	7718
00	7720
00	7720
00	7721
00	7722
00	7723
00	7724
00	7725
00	7726
00	7727
00	7728
00	7730
00	7730
00	7731
00	7732
00	7733
00	7734
00	7735
00	7736
00	7737
00	7738
00	7740
00	7740
00	7741
00	7742
00	7743
00	7744
00	7745
00	7746
00	7747
00	7748
00	7750
00	7750
00	7751
00	7752
00	7753
00	7754
00	7755
00	7756
00	7757
00	7758
00	7760
00	7760
00	7761
00	7762
00	7763
00	7764
00	7765
00	7766
00	7767
00	7768
00	7770
00	7770
00	7771
00	7772
00	7773
00	7774
00	7775
00	7776
00	7777
00	7778
00	7780
00	7780
00	7781
00	7782
00	7783
00	7784
00	7785
00	7786
00	7787
00	7788
00	7800
00	7800
00	7801
00	7802
00	7803
00	7804
00	7805
00	7806
00	7807
00	7808
00	7800
00	7800
00	7801
00	7802
00	7803
00	7804
00	7805
00	7806
00	7807
00	7808
00	789
00	789
00	7810
00	7812
00	7813
00	7814
00	7815
00	7816
00	7817
00	7818
00	7820
00	7820
00	7821
00	7822
00	7823
00	7824
00	7825
00	7826
00	7827
00	7828
00	7830
00	7830
00	7831
00	7832
00	7833
00	7834
00	7835
00	7836
00	7837
00	7838
00	7840
00	7840
00	7841
00	7842
00	7843
00	7844
00	7845
00	7846
00	7847
00	7848
00	7850
00	7850
00	7851
00	7852
00	7853
00	7854
00	7855
00	7856
00	7857
00	7858
00	7860
00	7860
00	7861
00	7862
00	7863
00	7864
00	7865
00	7866
00	7867
00	7868
00	7870
00	7870
00	7871
00	7872
00	7873
00	7874
00	7875
00	7876
00	7877
00	7878
00	7880
00	7880
00	7881
00	7882
00	7883
00	7884
00	7885
00	7886
00	7887
00	7888
00	8000
00	8000
00	8001
00	8002
00	8003
00	8004
00	8005
00	8006
00	8007
00	8008
00	8000
00	8000
00	8001
00	8002
00	8003
00	8004
00	8005
00	8006
00	8007
00	8008
00	809
00	809
00	8010
00	8012
00	8013
00	8014
00	8015
00	8016
00	8017
00	8018
00	8020
00	8020
00	8021
00	8022
00	8023
00	8024
00	8025
00	8026
00	8027
00	8028
00	8030
00	8030
00	8031
00	8032
00	8033
00	8034
00	8035
00	8036
00	8037
00	8038
00	8040
00	8040
00	8041
00	8042
00	8043
00	8044
00	8045
00	8046
00	8047
00	8048
00	8050
00	8050
00	8051
00	8052
00	8053
00	8054
00	8055
00	8056
00	8057
00	8058
00	8060
00	8060
00	8061
00	8062
00	8063
00	8064
00	8065
00	8066
00	8067
00	8068
00	8070
00	8070
00	8071
00	8072
00	8073
00	8074
00	8075
00	8076
00	8077
00	8078
00	8080
00	8080
00	8081
00	8082
00	8083
00	8084
00	8085
00	8086
00	8087
00	8088
00	8000
00	8000
00	8001
00	8002
00	8003
00	8004
00	8005
00	8006
00	8007
00	8008
00	8000
00	8000
00	8001
00	8002
00	8003
00	8004
00	8005
00	8006
00	8007
00	8008
00	809
00	809
00	8010
00	8012
00	8013
00	8014
00	8015
00	8016
00	8017
00	8018
00	8020
00	8020
00	8021
00	8022
00	8023
00	8024
00	8025
00	8026
00	8027
00	8028
00	8030
00	8030
00	8031
00	8032
00	8033
00	8034
00	8035
00	8036
00	8037
00	8038
00	8040
00	8040
00	8041
00	8042
00	8043
00	8044
00	8045
00	8046
00	8047
00	8048
00	8050
00	8050
00	8051
00	8052
00	8053
00	8054
00	8055
00	8056
00	8057
00	8058
00	8060
00	8060
00	8061
00	8062
00	8063
00	8064
00	8065
00	8066
00	8067
00	8068
00	8070
00	8070
00	8071
00	8072
00	8073
00	8074
00	8075
00	8076
00	8077
00	8078
00	8080
00	8080
00	8081
00	8082
00	8083
00	8084
00	8085
00	8086
00	8087
00	8088
00	890
00	890
00	891
00	892
00	893
00	894
00	895
00	896
00	897
00	898
00	890
00	890
00	891
00	892
00	893
00	894
00	895
00	896
00	897
00	898
00	819
00	819
00	8101
00	8102
00	8103
00	8104
00	8105
00	8106
00	8107
00	8108
00	8120
00	8120
00	8121
00	8122
00	8123
00	8124
00	8125
00	8126
00	8127
00	8128
00	8130
00	8130
00	8131
00	8132
00	8133
00	8134
00	8135
00	8136
00	8137
00	8138
00	8140
00	8140
00	8141
00	8142
00	8143
00	8144
00	8145
00	8146
00	8147
00	8148
00	8150
00	8150
00	8151
00	8152
00	8153
00	8154
00	8155
00	8156
00	8157
00	8158
00	8160
00	8160
00	8161
00	8162
00	8163
00	8164
00	8165
00	8166
00	8167
00	8168
00	8170
00	8170
00	8171
00	8172
00	8173
00	8174
00	8175
00	8176
00	8177
00	8178
00	8180
00	8180
00	8181
00	8182
00	8183
00	8184
00	8185
00	8186
00	8187
00	8188
00	8200
00	8200
00	8201
00	8202
00	8203
00	8204
00	8205
00	8206
00	8207
00	8208
00	8200
00	8200
00	8201
00	8202
00	8203
00	8204
00	8205
00	8206
00	8207
00	8208
00	829
00	829
00	8210
00	8212
00	8213
00	8214
00	8215
00	8216
00	8217
00	8218
00	8220
00	8220
00	8221
00	8222
00	8223
00	8224
00	8225
00	8226
00	8227
00	8228
00	8230
00	8230
00	8231
00	8232
00	8233
00	8234
00	8235
00	8236
00	8237
00	8238
00	8240
00	8240
00	8241
00	8242
00	8243
00	8244
00	8245
00	8246
00	8247
00	8248
00	8250
00	8250
00	8251
00	8252
00	8253
00	8254
00	8255
00	8256
00	8257
00	8258
00	8260
00	8260
00	8261
00	8262
00	8263
00	8264
00	8265
00	8266
00	8267
00	8268
00	8270
00	8270
00	8271
00	8272
00	8273
00	8274
00	8275
00	8276
00	8277
00	8278
00	8280
00	8280
00	8281
00	8282
00	8283
00	8284
00	8285
00	8286
00	8287
00	8288
00	8300
00	8300
00	8301
00	8302
00	8303
00	8304
00	8305
00	8306
00	8307
00	8308
00	8300
00	8300
00	8301
00	8302
00	8303
00	8304
00	8305
00	8306
00	8307
00	8308
00	839
00	839
00	8310
00	8312
00	8313
00	8314
00	8315
00	8316
00	8317
00	8318
00	8320
00	8320
00	8321
00	8322
00	8323
00	8324
00	8325
00	8326
00	8327
00	8328
00	8330
00	8330
00	8331
00	8332
00	8333
00	8334
00	8335
00	8336
00	8337
00	8338
00	8340
00	8340
00	8341
00	8342
00	8343
00	8344
00	8345
00	8346
00	8347
00	8348
00	8350
00	8350
00	8351
00	8352
00	8353
00	8354
00	8355
00	8356
00	8357
00	8358
00	8360
00	8360
00	8361
00	8362
00	8363
00	8364
00	8365
00	8366
00	8367
00	8368
00	8370
00	8370
00	8371
00	8372
00	8373
00	8374
00	8375
00	8376
00	8377
00	8378
00	8380
00	8380
00	8381
00	8382
00	8383
00	8384
00	8385
00	8386
00	8387
00	8388
00	8400
00	8400
00	8401
00	8402
00	8403
00	8404
00	8405
00	8406
00	8407
00	8408
00	8400
00	8400
00	8401
00	8402
00	8403
00	8404
00	8405
00	8406
00	8407
00	8408
00	849
00	849
00	8410
00	8412
00	8413
00	8414
00	8415
00	8416
00	8417
00	8418
00	8420
00	8420
00	8421
00	8422
00	8423
00	8424
00	8425
00	8426
00	8427
00	8428
00	8430
00	8430
00	8431
00	8432
00	8433
00	8434
00	8435
00	8436
00	8437
00	8438
00	8440
00	8440
00	8441
00	8442
00	8443
00	8444
00	8445
00	8446
00	8447
00	8448
00	8450
00	8450
00	8451
00	8452
00	8453
00	8454
00	8455
00	8456
00	8457
00	8458
00	8460
00	8460
00	8461
00	8462
00	8463
00	8464
00	8465
00	8466
00	8467
00	8468
00	8470
00	8470
00	8471
00	8472
00	8473
00	8474
00	8475
00	8476
00	8477
00	8478
00	8480
00	8480
00	8481
00	8482
00	8483
00	8484
00	8485
00	8486
00	8487
00	8488
00	8500
00	8500
00	8501
00	8502
00	8503
00	8504
00	8505
00	8506
00	8507
00	8508
00	8500
00	8500
00	8501
00	8502
00	8503
00	8504
00	8505
00	8506
00	8507
00	8508
00	859
00	859
00	8510
00	8512
00	8513
00	8514
00	8515
00	8516
00	8517
00	8518
00	8520
00	8520
00	8521
00	8522
00	8523
00	8524
00	8525
00	8526
00	8527
00	8528
00	8530
00	8530
00	8531
00	8532
00	8533
00	8534
00	8535
00	8536
00	8537
00	8538
00	8540
00	8540
00	8541
00	8542
00	8543
00	8544
00	8545
00	8546
00	8547
00	8548
00	8550
00	8550
00	8551
00	8552
00	8553
00	8554
00	8555
00	8556
00	8557
00	8558
00	8560
00	8560
00	8561
00	8562
00	8563
00	8564
00	8565
00	8566
00	8567
00	8568
00	8570
00	8570
00	8571
00	8572
00	8573
00	8574
00	8575
00	8576
00	8577
00	8578
00	8580
00	8580
00	8581
00	8582
00	8583
00	8584
00	8585
00	8586
00	8587
00	8588
00	8600
00	8600
00	8601
00	8602
00	8603
00	8604
00	8605
00	8606
00	8607
00	8608
00	8600
00	8600
00	8601
00	8602
00	8603
00	8604
00	8605
00	8606
00	8607
00	8608
00	869
00	869
00	8610
00	8612
00	8613
00	8614
00	8615
00	8616
00	8617
00	8618
00	8620
00	8620
00	8621
00	8622
00	8623
00	8624
00	8625
00	8626
00	8627
00	8628
00	8630
00	8630
00	8631
00	8632
00	8633
00	8634
00	8635
00	8636
00	8637
00	8638
00	8640
00	8640
00	8641
00	8642
00	8643
00	8644
00	8645
00	8646
00	8647
00	8648
00	8650
00	8650
00	8651
00	8652
00	8653
00	8654
00	8655
00	8656
00	8657
00	8658
00	8660
00	8660
00	8661
00	8662
00	8663
00	8664
00	8665
00	8666
00	8667
00	8668
00	8670
00	8670
00	8671
00	8672
00	8673
00	8674
00	8675
00	8676
00	8677
00	8678
00	8680
00	8680
00	8681
00	8682
00	8683
00	8684
00	8685
00	8686
00	8687
00	8688
00	8700
00	8700
00	8701
00	8702
00	8703
00	8704
00	8705
00	8706
00	8707
00	8708
00	8700
00	8700
00	8701
00	8702
00	8703
00	8704
00	8705
00	8706
00	8707
00	8708
00	879
00	879
00	8710
00	8712
00	8713
00	8714
00	8715
00	8716
00	8717
00	8718
00	8720
00	8720
00	8721
00	8722
00	8723
00	8724
00	8725
00	8726
00	8727
00	8728
00	8730
00	8730
00	8731
00	8732
00	8733
00	8734
00	8735
00	8736
00	8737
00	8738
00	8740
00	8740
00	8741
00	8742
00	8743
00	8744
00	8745
00	8746
00	8747
00	8748
00	8750
00	8750
00	8751
00	8752
00	8753
00	8754
00	8755
00	8756
00	8757
00	8758
00	8760
00	8760
00	8761
00	8762
00	8763
00	8764
00	8765
00	8766
00	8767
00	8768
00	8770
00	8770
00	8771
00	8772
00	8773
00	8774
00	8775
00	8776
00	8777
00	8778
00	8780
00	8780
00	8781
00	8782
00	8783
00	8784
00	8785
00	8786
00	8787
00	8788
00	8800
00	8800
00	8801
00	8802
00	8803
00	8804
00	8805
00	8806
00	8807
00	8808
00	8800
00	8800
00	8801
00	8802
00	8803
00	8804
00	8805
00	8806
00	8807
00	8808
00	889
00	889
00	8810
00	8812
00	8813
00	8814
00	8815
00	8816
00	8817
00	8818
00	8820
00	8820
00	8821
00	8822
00	8823
00	8824
00	8825
00	8826
00	8827
00	8828
00	8830
00	8830
00	8831
00	8832
00	8833
00	8834
00	8835
00	8836
00	8837
00	8838
00	8840
00	8840
00	8841
00	8842
00	8843
00	8844
00	8845
00	8846
00	8847
00	8848
00	8850
00	8850
00	8851
00	8852
00	8853
00	8854
00	8855
00	8856
00	8857
00	8858
00	8860
00	8860
00	8861
00	8862
00	8863
00	8864
00	8865
00	8866
00	8867
00	8868
00	8870
00	8870
00	8871
00	8872
00	8873
00	8874
00	8875
00	8876
00	8877
00	8878
00	8880
00	8880
00	8881
00	8882
00	8883
00	8884
00	8885
00	8886
00	8887
00	8888
00	00000
00	00000
00	00001
00	00002
00	00003
00	00004
00	00005
00	00006
00	00007
00	00008
00	00000
00	00000
00	00001
00	00002
00	00003
00	00004
00	00005
00	00006
00	00007
00	00008
00	0009
00	0009
00	00010
00	00012
00	00013
00	00014
00	00015
00	00016
00	00017
00	00018
00	00020
00	00020
00	00021
00	00022
00	00023
00	00024
00	00025
00	00026
00	00027
00	00028
00	00030
00	00030
00	00031
00	00032
00	00033
00	00034
00	00035
00	00036
00	00037
00	00038
00	00040
00	00040
00	00041
00	00042
00	00043
00	00044
00	00045
00	00046
00	00047
00	00048
00	00050
00	00050
00	00051
00	00052
00	00053
00	00054
00	00055
00	00056
00	00057
00	00058
00	00060
00	00060
00	00061
00	00062
00	00063
00	00064
00	00065
00	00066
00	00067
00	00068
00	00070
00	00070
00	00071
00	00072
00	00073
00	00074
00	00075
00	00076
00	00077
00	00078
00	00080
00	00080
00	00081
00	00082
00	00083
00	00084
00	00085
00	00086
00	00087
00	00088
00	00000
00	00000
00	00001
00	00002
00	00003
00	00004
00	00005
00	00006
00	00007
00	00008
00	00000
00	00000
00	00001
00	00002
00	00003
00	00004
00	00005
00	00006
00	00007
00	00008
00	0009
00	0009
00	00010
00	00012
00	00013
00	00014
00	00015
00	00016
00	00017
00	00018
00	00020
00	00020
00	00021
00	00022
00	00023
00	00024
00	00025
00	00026
00	00027
00	00028
00	00030
00	00030
00	00031
00	00032
00	00033
00	00034
00	00035
00	00036
00	00037
00	00038
00	00040
00	00040
00	00041
00	00042
00	00043
00	00044
00	00045
00	00046
00	00047
00	00048
00	00050
00	00050
00	00051
00	00052
00	00053
00	00054
00	00055
00	00056
00	00057
00	00058
00	00060
00	00060
00	00061
00	00062
00	00063
00	00064
00	00065
00	00066
00	00067
00	00068
00	00070
00	00070
00	00071
00	00072
00	00073
00	00074
00	00075
00	00076
00	00077
00	00078
00	00080
00	00080
00	00081
00	00082
00	00083
00	00084
00	00085
00	00086
00	00087
00	00088
00	0090
00	0090
00	0091
00	0092
00	0093
00	0094
00	0095
00	0096
00	0097
00	0098
00	0090
00	0090
00	0091
00	0092
00	0093
00	0094
00	0095
00	0096
00	0097
00	0098
00	0019
00	0019
00	00101
00	00102
00	00103
00	00104
00	00105
00	00106
00	00107
00	00108
00	00120
00	00120
00	00121
00	00122
00	00123
00	00124
00	00125
00	00126
00	00127
00	00128
00	00130
00	00130
00	00131
00	00132
00	00133
00	00134
00	00135
00	00136
00	00137
00	00138
00	00140
00	00140
00	00141
00	00142
00	00143
00	00144
00	00145
00	00146
00	00147
00	00148
00	00150
00	00150
00	00151
00	00152
00	00153
00	00154
00	00155
00	00156
00	00157
00	00158
00	00160
00	00160
00	00161
00	00162
00	00163
00	00164
00	00165
00	00166
00	00167
00	00168
00	00170
00	00170
00	00171
00	00172
00	00173
00	00174
00	00175
00	00176
00	00177
00	00178
00	00180
00	00180
00	00181
00	00182
00	00183
00	00184
00	00185
00	00186
00	00187
00	00188
00	00200
00	00200
00	00201
00	00202
00	00203
00	00204
00	00205
00	00206
00	00207
00	00208
00	00200
00	00200
00	00201
00	00202
00	00203
00	00204
00	00205
00	00206
00	00207
00	00208
00	0029
00	0029
00	00210
00	00212
00	00213
00	00214
00	00215
00	00216
00	00217
00	00218
00	00220
00	00220
00	00221
00	00222
00	00223
00	00224
00	00225
00	00226
00	00227
00	00228
00	00230
00	00230
00	00231
00	00232
00	00233
00	00234
00	00235
00	00236
00	00237
00	00238
00	00240
00	00240
00	00241
00	00242
00	00243
00	00244
00	00245
00	00246
00	00247
00	00248
00	00250
00	00250
00	00251
00	00252
00	00253
00	00254
00	00255
00	00256
00	00257
00	00258
00	00260
00	00260
00	00261
00	00262
00	00263
00	00264
00	00265
00	00266
00	00267
00	00268
00	00270
00	00270
00	00271
00	00272
00	00273
00	00274
00	00275
00	00276
00	00277
00	00278
00	00280
00	00280
00	00281
00	00282
00	00283
00	00284
00	00285
00	00286
00	00287
00	00288
00	00300
00	00300
00	00301
00	00302
00	00303
00	00304
00	00305
00	00306
00	00307
00	00308
00	00300
00	00300
00	00301
00	00302
00	00303
00	00304
00	00305
00	00306
00	00307
00	00308
00	0039
00	0039
00	00310
00	00312
00	00313
00	00314
00	00315
00	00316
00	00317
00	00318
00	00320
00	00320
00	00321
00	00322
00	00323
00	00324
00	00325
00	00326
00	00327
00	00328
00	00330
00	00330
00	00331
00	00332
00	00333
00	00334
00	00335
00	00336
00	00337
00	00338
00	00340
00	00340
00	00341
00	00342
00	00343
00	00344
00	00345
00	00346
00	00347
00	00348
00	00350
00	00350
00	00351
00	00352
00	00353
00	00354
00	00355
00	00356
00	00357
00	00358
00	00360
00	00360
00	00361
00	00362
00	00363
00	00364
00	00365
00	00366
00	00367
00	00368
00	00370
00	00370
00	00371
00	00372
00	00373
00	00374
00	00375
00	00376
00	00377
00	00378
00	00380
00	00380
00	00381
00	00382
00	00383
00	00384
00	00385
00	00386
00	00387
00	00388
00	00400
00	00400
00	00401
00	00402
00	00403
00	00404
00	00405
00	00406
00	00407
00	00408
00	00400
00	00400
00	00401
00	00402
00	00403
00	00404
00	00405
00	00406
00	00407
00	00408
00	0049
00	0049
00	00410
00	00412
00	00413
00	00414
00	00415
00	00416
00	00417
00	00418
00	00420
00	00420
00	00421
00	00422
00	00423
00	00424
00	00425
00	00426
00	00427
00	00428
00	00430
00	00430
00	00431
00	00432
00	00433
00	00434
00	00435
00	00436
00	00437
00	00438
00	00440
00	00440
00	00441
00	00442
00	00443
00	00444
00	00445
00	00446
00	00447
00	00448
00	00450
00	00450
00	00451
00	00452
00	00453
00	00454
00	00455
00	00456
00	00457
00	00458
00	00460
00	00460
00	00461
00	00462
00	00463
00	00464
00	00465
00	00466
00	00467
00	00468
00	00470
00	00470
00	00471
00	00472
00	00473
00	00474
00	00475
00	00476
00	00477
00	00478
00	00480
00	00480
00	00481
00	00482
00	00483
00	00484
00	00485
00	00486
00	00487
00	00488
00	00500
00	00500
00	00501
00	00502
00	00503
00	00504
00	00505
00	00506
00	00507
00	00508
00	00500
00	00500
00	00501
00	00502
00	00503
00	00504
00	00505
00	00506
00	00507
00	00508
00	0059
00	0059
00	00510
00	00512
00	00513
00	00514
00	00515
00	00516
00	00517
00	00518
00	00520
00	00520
00	00521
00	00522
00	00523
00	00524
00	00525
00	00526
00	00527
00	00528
00	00530
00	00530
00	00531
00	00532
00	00533
00	00534
00	00535
00	00536
00	00537
00	00538
00	00540
00	00540
00	00541
00	00542
00	00543
00	00544
00	00545
00	00546
00	00547
00	00548
00	00550
00	00550
00	00551
00	00552
00	00553
00	00554
00	00555
00	00556
00	00557
00	00558
00	00560
00	00560
00	00561
00	00562
00	00563
00	00564
00	00565
00	00566
00	00567
00	00568
00	00570
00	00570
00	00571
00	00572
00	00573
00	00574
00	00575
00	00576
00	00577
00	00578
00	00580
00	00580
00	00581
00	00582
00	00583
00	00584
00	00585
00	00586
00	00587
00	00588
00	00600
00	00600
00	00601
00	00602
00	00603
00	00604
00	00605
00	00606
00	00607
00	00608
00	00600
00	00600
00	00601
00	00602
00	00603
00	00604
00	00605
00	00606
00	00607
00	00608
00	0069
00	0069
00	00610
00	00612
00	00613
00	00614
00	00615
00	00616
00	00617
00	00618
00	00620
00	00620
00	00621
00	00622
00	00623
00	00624
00	00625
00	00626
00	00627
00	00628
00	00630
00	00630
00	00631
00	00632
00	00633
00	00634
00	00635
00	00636
00	00637
00	00638
00	00640
00	00640
00	00641
00	00642
00	00643
00	00644
00	00645
00	00646
00	00647
00	00648
00	00650
00	00650
00	00651
00	00652
00	00653
00	00654
00	00655
00	00656
00	00657
00	00658
00	00660
00	00660
00	00661
00	00662
00	00663
00	00664
00	00665
00	00666
00	00667
00	00668
00	00670
00	00670
00	00671
00	00672
00	00673
00	00674
00	00675
00	00676
00	00677
00	00678
00	00680
00	00680
00	00681
00	00682
00	00683
00	00684
00	00685
00	00686
00	00687
00	00688
00	00700
00	00700
00	00701
00	00702
00	00703
00	00704
00	00705
00	00706
00	00707
00	00708
00	00700
00	00700
00	00701
00	00702
00	00703
00	00704
00	00705
00	00706
00	00707
00	00708
00	0079
00	0079
00	00710
00	00712
00	00713
00	00714
00	00715
00	00716
00	00717
00	00718
00	00720
00	00720
00	00721
00	00722
00	00723
00	00724
00	00725
00	00726
00	00727
00	00728
00	00730
00	00730
00	00731
00	00732
00	00733
00	00734
00	00735
00	00736
00	00737
00	00738
00	00740
00	00740
00	00741
00	00742
00	00743
00	00744
00	00745
00	00746
00	00747
00	00748
00	00750
00	00750
00	00751
00	00752
00	00753
00	00754
00	00755
00	00756
00	00757
00	00758
00	00760
00	00760
00	00761
00	00762
00	00763
00	00764
00	00765
00	00766
00	00767
00	00768
00	00770
00	00770
00	00771
00	00772
00	00773
00	00774
00	00775
00	00776
00	00777
00	00778
00	00780
00	00780
00	00781
00	00782
00	00783
00	00784
00	00785
00	00786
00	00787
00	00788
00	00800
00	00800
00	00801
00	00802
00	00803
00	00804
00	00805
00	00806
00	00807
00	00808
00	00800
00	00800
00	00801
00	00802
00	00803
00	00804
00	00805
00	00806
00	00807
00	00808
00	0089
00	0089
00	00810
00	00812
00	00813
00	00814
00	00815
00	00816
00	00817
00	00818
00	00820
00	00820
00	00821
00	00822
00	00823
00	00824
00	00825
00	00826
00	00827
00	00828
00	00830
00	00830
00	00831
00	00832
00	00833
00	00834
00	00835
00	00836
00	00837
00	00838
00	00840
00	00840
00	00841
00	00842
00	00843
00	00844
00	00845
00	00846
00	00847
00	00848
00	00850
00	00850
00	00851
00	00852
00	00853
00	00854
00	00855
00	00856
00	00857
00	00858
00	00860
00	00860
00	00861
00	00862
00	00863
00	00864
00	00865
00	00866
00	00867
00	00868
00	00870
00	00870
00	00871
00	00872
00	00873
00	00874
00	00875
00	00876
00	00877
00	00878
00	00880
00	00880
00	00881
00	00882
00	00883
00	00884
00	00885
00	00886
00	00887
00	00888
00	00000
00	00000
00	00001
00	00002
00	00003
00	00004
00	00005
00	00006
00	00007
00	00008
00	00000
00	00000
00	00001
00	00002
00	00003
00	00004
00	00005
00	00006
00	00007
00	00008
00	0009
00	0009
00	00010
00	00012
00	00013
00	00014
00	00015
00	00016
00	00017
00	00018
00	00020
00	00020
00	00021
00	00022
00	00023
00	00024
00	00025
00	00026
00	00027
00	00028
00	00030
00	00030
00	00031
00	00032
00	00033
00	00034
00	00035
00	00036
00	00037
00	00038
00	00040
00	00040
00	00041
00	00042
00	00043
00	00044
00	00045
00	00046
00	00047
00	00048
00	00050
00	00050
00	00051
00	00052
00	00053
00	00054
00	00055
00	00056
00	00057
00	00058
00	00060
00	00060
00	00061
00	00062
00	00063
00	00064
00	00065
00	00066
00	00067
00	00068
00	00070
00	00070
00	00071
00	00072
00	00073
00	00074
00	00075
00	00076
00	00077
00	00078
00	00080
00	00080
00	00081
00	00082
00	00083
00	00084
00	00085
00	00086
00	00087
00	00088
00	00000
00	00000
00	00001
00	00002
00	00003
00	00004
00	00005
00	00006
00	00007
00	00008
00	00000
00	00000
00	00001
00	00002
00	00003
00	00004
00	00005
00	00006
00	00007
00	00008
00	0009
00	0009
00	00010
00	00012
00	00013
00	00014
00	00015
00	00016
00	00017
00	00018
00	00020
00	00020
00	00021
00	00022
00	00023
00	00024
00	00025
00	00026
00	00027
00	00028
00	00030
00	00030
00	00031
00	00032
00	00033
00	00034
00	00035
00	00036
00	00037
00	00038
00	00040
00	00040
00	00041
00	00042
00	00043
00	00044
00	00045
00	00046
00	00047
00	00048
00	00050
00	00050
00	00051
00	00052
00	00053
00	00054
00	00055
00	00056
00	00057
00	00058
00	00060
00	00060
00	00061
00	00062
00	00063
00	00064
00	00065
00	00066
00	00067
00	00068
00	00070
00	00070
00	00071
00	00072
00	00073
00	00074
00	00075
00	00076
00	00077
00	00078
00	00080
00	00080
00	00081
00	00082
00	00083
00	00084
00	00085
00	00086
00	00087
00	00088
00	0090
00	0090
00	0091
00	0092
00	0093
00	0094
00	0095
00	0096
00	0097
00	0098
00	0090
00	0090
00	0091
00	0092
00	0093
00	0094
00	0095
00	0096
00	0097
00	0098
00	0019
00	0019
00	00101
00	00102
00	00103
00	00104
00	00105
00	00106
00	00107
00	00108
00	00120
00	00120
00	00121
00	00122
00	00123
00	00124
00	00125
00	00126
00	00127
00	00128
00	00130
00	00130
00	00131
00	00132
00	00133
00	00134
00	00135
00	00136
00	00137
00	00138
00	00140
00	00140
00	00141
00	00142
00	00143
00	00144
00	00145
00	00146
00	00147
00	00148
00	00150
00	00150
00	00151
00	00152
00	00153
00	00154
00	00155
00	00156
00	00157
00	00158
00	00160
00	00160
00	00161
00	00162
00	00163
00	00164
00	00165
00	00166
00	00167
00	00168
00	00170
00	00170
00	00171
00	00172
00	00173
00	00174
00	00175
00	00176
00	00177
00	00178
00	00180
00	00180
00	00181
00	00182
00	00183
00	00184
00	00185
00	00186
00	00187
00	00188
00	00200
00	00200
00	00201
00	00202
00	00203
00	00204
00	00205
00	00206
00	00207
00	00208
00	00200
00	00200
00	00201
00	00202
00	00203
00	00204
00	00205
00	00206
00	00207
00	00208
00	0029
00	0029
00	00210
00	00212
00	00213
00	00214
00	00215
00	00216
00	00217
00	00218
00	00220
00	00220
00	00221
00	00222
00	00223
00	00224
00	00225
00	00226
00	00227
00	00228
00	00230
00	00230
00	00231
00	00232
00	00233
00	00234
00	00235
00	00236
00	00237
00	00238
00	00240
00	00240
00	00241
00	00242
00	00243
00	00244
00	00245
00	00246
00	00247
00	00248
00	00250
00	00250
00	00251
00	00252
00	00253
00	00254
00	00255
00	00256
00	00257
00	00258
00	00260
00	00260
00	00261
00	00262
00	00263
00	00264
00	00265
00	00266
00	00267
00	00268
00	00270
00	00270
00	00271
00	00272
00	00273
00	00274
00	00275
00	00276
00	00277
00	00278
00	00280
00	00280
00	00281
00	00282
00	00283
00	00284
00	00285
00	00286
00	00287
00	00288
00	00300
00	00300
00	00301
00	00302
00	00303
00	00304
00	00305
00	00306
00	00307
00	00308
00	00300
00	00300
00	00301
00	00302
00	00303
00	00304
00	00305
00	00306
00	00307
00	00308
00	0039
00	0039
00	00310
00	00312
00	00313
00	00314
00	00315
00	00316
00	00317
00	00318
00	00320
00	00320
00	00321
00	00322
00	00323
00	00324
00	00325
00	00326
00	00327
00	00328
00	00330
00	00330
00	00331
00	00332
00	00333
00	00334
00	00335
00	00336
00	00337
00	00338
00	00340
00	00340
00	00341
00	00342
00	00343
00	00344
00	00345
00	00346
00	00347
00	00348
00	00350
00	00350
00	00351
00	00352
00	00353
00	00354
00	00355
00	00356
00	00357
00	00358
00	00360
00	00360
00	00361
00	00362
00	00363
00	00364
00	00365
00	00366
00	00367
00	00368
00	00370
00	00370
00	00371
00	00372
00	00373
00	00374
00	00375
00	00376
00	00377
00	00378
00	00380
00	00380
00	00381
00	00382
00	00383
00	00384
00	00385
00	00386
00	00387
00	00388
00	00400
00	00400
00	00401
00	00402
00	00403
00	00404
00	00405
00	00406
00	00407
00	00408
00	00400
00	00400
00	00401
00	00402
00	00403
00	00404
00	00405
00	00406
00	00407
00	00408
00	0049
00	0049
00	00410
00	00412
00	00413
00	00414
00	00415
00	00416
00	00417
00	00418
00	00420
00	00420
00	00421
00	00422
00	00423
00	00424
00	00425
00	00426
00	00427
00	00428
00	00430
00	00430
00	00431
00	00432
00	00433
00	00434
00	00435
00	00436
00	00437
00	00438
00	00440
00	00440
00	00441
00	00442
00	00443
00	00444
00	00445
00	00446
00	00447
00	00448
00	00450
00	00450
00	00451
00	00452
00	00453
00	00454
00	00455
00	00456
00	00457
00	00458
00	00460
00	00460
00	00461
00	00462
00	00463
00	00464
00	00465
00	00466
00	00467
00	00468
00	00470
00	00470
00	00471
00	00472
00	00473
00	00474
00	00475
00	00476
00	00477
00	00478
00	00480
00	00480
00	00481
00	00482
00	00483
00	00484
00	00485
00	00486
00	00487
00	00488
00	00500
00	00500
00	00501
00	00502
00	00503
00	00504
00	00505
00	00506
00	00507
00	00508
00	00500
00	00500
00	00501
00	00502
00	00503
00	00504
00	00505
00	00506
00	00507
00	00508
00	0059
00	0059
00	00510
00	00512
00	00513
00	00514
00	00515
00	00516
00	00517
00	00518
00	00520
00	00520
00	00521
00	00522
00	00523
00	00524
00	00525
00	00526
00	00527
00	00528
00	00530
00	00530
00	00531
00	00532
00	00533
00	00534
00	00535
00	00536
00	00537
00	00538
00	00540
00	00540
00	00541
00	00542
00	00543
00	00544
00	00545
00	00546
00	00547
00	00548
00	00550
00	00550
00	00551
00	00552
00	00553
00	00554
00	00555
00	00556
00	00557
00	00558
00	00560
00	00560
00	00561
00	00562
00	00563
00	00564
00	00565
00	00566
00	00567
00	00568
00	00570
00	00570
00	00571
00	00572
00	00573
00	00574
00	00575
00	00576
00	00577
00	00578
00	00580
00	00580
00	00581
00	00582
00	00583
00	00584
00	00585
00	00586
00	00587
00	00588
00	00600
00	00600
00	00601
00	00602
00	00603
00	00604
00	00605
00	00606
00	00607
00	00608
00	00600
00	00600
00	00601
00	00602
00	00603
00	00604
00	00605
00	00606
00	00607
00	00608
00	0069
00	0069
00	00610
00	00612
00	00613
00	00614
00	00615
00	00616
00	00617
00	00618
00	00620
00	00620
00	00621
00	00622
00	00623
00	00624
00	00625
00	00626
00	00627
00	00628
00	00630
00	00630
00	00631
00	00632
00	00633
00	00634
00	00635
00	00636
00	00637
00	00638
00	00640
00	00640
00	00641
00	00642
00	00643
00	00644
00	00645
00	00646
00	00647
00	00648
00	00650
00	00650
00	00651
00	00652
00	00653
00	00654
00	00655
00	00656
00	00657
00	00658
00	00660
00	00660
00	00661
00	00662
00	00663
00	00664
00	00665
00	00666
00	00667
00	00668
00	00670
00	00670
00	00671
00	00672
00	00673
00	00674
00	00675
00	00676
00	00677
00	00678
00	00680
00	00680
00	00681
00	00682
00	00683
00	00684
00	00685
00	00686
00	00687
00	00688
00	00700
00	00700
00	00701
00	00702
00	00703
00	00704
00	00705
00	00706
00	00707
00	00708
00	00700
00	00700
00	00701
00	00702
00	00703
00	00704
00	00705
00	00706
00	00707
00	00708
00	0079
00	0079
00	00710
00	00712
00	00713
00	00714
00	00715
00	00716
00	00717
00	00718
00	00720
00	00720
00	00721
00	00722
00	00723
00	00724
00	00725
00	00726
00	00727
00	00728
00	00730
00	00730
00	00731
00	00732
00	00733
00	00734
00	00735
00	00736
00	00737
00	00738
00	00740
00	00740
00	00741
00	00742
00	00743
00	00744
00	00745
00	00746
00	00747
00	00748
00	00750
00	00750
00	00751
00	00752
00	00753
00	00754
00	00755
00	00756
00	00757
00	00758
00	00760
00	00760
00	00761
00	00762
00	00763
00	00764
00	00765
00	00766
00	00767
00	00768
00	00770
00	00770
00	00771
00	00772
00	00773
00	00774
00	00775
00	00776
00	00777
00	00778
00	00780
00	00780
00	00781
00	00782
00	00783
00	00784
00	00785
00	00786
00	00787
00	00788
00	00800
00	00800
00	00801
00	00802
00	00803
00	00804
00	00805
00	00806
00	00807
00	00808
00	00800
00	00800
00	00801
00	00802
00	00803
00	00804
00	00805
00	00806
00	00807
00	00808
00	0089
00	0089
00	00810
00	00812
00	00813
00	00814
00	00815
00	00816
00	00817
