1	0
1	1
1	2
1	3
1	4
1	5
1	6
1	7
1	8
1	9
1	10
1	11
1	12
1	13
1	14
1	15
1	16
1	17
1	18
1	19
1	20
1	21
1	22
1	23
1	24
1	25
1	26
1	27
1	28
1	29
1	30
1	31
1	32
1	33
1	34
1	35
1	36
1	37
1	38
1	39
1	40
1	41
1	42
1	43
1	44
1	45
1	46
1	47
1	48
1	49
1	50
1	51
1	52
1	53
1	54
1	55
1	56
1	57
1	58
1	59
1	60
1	61
1	62
1	63
1	64
1	65
1	66
1	67
1	68
1	69
1	70
1	71
1	72
1	73
1	74
1	75
1	76
1	77
1	78
1	79
1	80
1	81
1	82
1	83
1	84
1	85
1	86
1	87
1	88
1	89
1	90
1	91
1	92
1	93
1	94
1	95
1	96
1	97
1	98
1	99
1	100
1	101
1	102
1	103
1	104
1	105
1	106
1	107
1	108
1	109
1	110
1	111
1	112
1	113
1	114
1	115
1	116
1	117
1	118
1	119
1	120
1	121
1	122
1	123
1	124
1	125
1	126
1	127
1	128
1	129
1	130
1	131
1	132
1	133
1	134
1	135
1	136
1	137
1	138
1	139
1	140
1	141
1	142
1	143
1	144
1	145
1	146
1	147
1	148
1	149
1	150
1	151
1	152
1	153
1	154
1	155
1	156
1	157
1	158
1	159
1	160
1	161
1	162
1	163
1	164
1	165
1	166
1	167
1	168
1	169
1	170
1	171
1	172
1	173
1	174
1	175
1	176
1	177
1	178
1	179
1	180
1	181
1	182
1	183
1	184
1	185
1	186
1	187
1	188
1	189
1	190
1	191
1	192
1	193
1	194
1	195
1	196
1	197
1	198
1	199
1	200
1	201
1	202
1	203
1	204
1	205
1	206
1	207
1	208
1	209
1	210
1	211
1	212
1	213
1	214
1	215
1	216
1	217
1	218
1	219
1	220
1	221
1	222
1	223
1	224
1	225
1	226
1	227
1	228
1	229
1	230
1	231
1	232
1	233
1	234
1	235
1	236
1	237
1	238
1	239
1	240
1	241
1	242
1	243
1	244
1	245
1	246
1	247
1	248
1	249
1	250
1	251
1	252
1	253
1	254
1	255
1	256
1	257
1	258
1	259
1	260
1	261
1	262
1	263
1	264
1	265
1	266
1	267
1	268
1	269
1	270
1	271
1	272
1	273
1	274
1	275
1	276
1	277
1	278
1	279
1	280
1	281
1	282
1	283
1	284
1	285
1	286
1	287
1	288
1	289
1	290
1	291
1	292
1	293
1	294
1	295
1	296
1	297
1	298
1	299
1	300
1	301
1	302
1	303
1	304
1	305
1	306
1	307
1	308
1	309
1	310
1	311
1	312
1	313
1	314
1	315
1	316
1	317
1	318
1	319
1	320
1	321
1	322
1	323
1	324
1	325
1	326
1	327
1	328
1	329
1	330
1	331
1	332
1	333
1	334
1	335
1	336
1	337
1	338
1	339
1	340
1	341
1	342
1	343
1	344
1	345
1	346
1	347
1	348
1	349
1	350
1	351
1	352
1	353
1	354
1	355
1	356
1	357
1	358
1	359
1	360
1	361
1	362
1	363
1	364
1	365
1	366
1	367
1	368
1	369
1	370
1	371
1	372
1	373
1	374
1	375
1	376
1	377
1	378
1	379
1	380
1	381
1	382
1	383
1	384
1	385
1	386
1	387
1	388
1	389
1	390
1	391
1	392
1	393
1	394
1	395
1	396
1	397
1	398
1	399
1	400
1	401
1	402
1	403
1	404
1	405
1	406
1	407
1	408
1	409
1	410
1	411
1	412
1	413
1	414
1	415
1	416
1	417
1	418
1	419
1	420
1	421
1	422
1	423
1	424
1	425
1	426
1	427
1	428
1	429
1	430
1	431
1	432
1	433
1	434
1	435
1	436
1	437
1	438
1	439
1	440
1	441
1	442
1	443
1	444
1	445
1	446
1	447
1	448
1	449
1	450
1	451
1	452
1	453
1	454
1	455
1	456
1	457
1	458
1	459
1	460
1	461
1	462
1	463
1	464
1	465
1	466
1	467
1	468
1	469
1	470
1	471
1	472
1	473
1	474
1	475
1	476
1	477
1	478
1	479
1	480
1	481
1	482
1	483
1	484
1	485
1	486
1	487
1	488
1	489
1	490
1	491
1	492
1	493
1	494
1	495
1	496
1	497
1	498
1	499
0	500
0	501
0	502
0	503
0	504
0	505
0	506
0	507
0	508
0	509
0	510
0	511
0	512
0	513
0	514
0	515
0	516
0	517
0	518
0	519
0	520
0	521
0	522
0	523
0	524
0	525
0	526
0	527
0	528
0	529
0	530
0	531
0	532
0	533
0	534
0	535
0	536
0	537
0	538
0	539
0	540
0	541
0	542
0	543
0	544
0	545
0	546
0	547
0	548
0	549
0	550
0	551
0	552
0	553
0	554
0	555
0	556
0	557
0	558
0	559
0	560
0	561
0	562
0	563
0	564
0	565
0	566
0	567
0	568
0	569
0	570
0	571
0	572
0	573
0	574
0	575
0	576
0	577
0	578
0	579
0	580
0	581
0	582
0	583
0	584
0	585
0	586
0	587
0	588
0	589
0	590
0	591
0	592
0	593
0	594
0	595
0	596
0	597
0	598
0	599
0	600
0	601
0	602
0	603
0	604
0	605
0	606
0	607
0	608
0	609
0	610
0	611
0	612
0	613
0	614
0	615
0	616
0	617
0	618
0	619
0	620
0	621
0	622
0	623
0	624
0	625
0	626
0	627
0	628
0	629
0	630
0	631
0	632
0	633
0	634
0	635
0	636
0	637
0	638
0	639
0	640
0	641
0	642
0	643
0	644
0	645
0	646
0	647
0	648
0	649
0	650
0	651
0	652
0	653
0	654
0	655
0	656
0	657
0	658
0	659
0	660
0	661
0	662
0	663
0	664
0	665
0	666
0	667
0	668
0	669
0	670
0	671
0	672
0	673
0	674
0	675
0	676
0	677
0	678
0	679
0	680
0	681
0	682
0	683
0	684
0	685
0	686
0	687
0	688
0	689
0	690
0	691
0	692
0	693
0	694
0	695
0	696
0	697
0	698
0	699
0	700
0	701
0	702
0	703
0	704
0	705
0	706
0	707
0	708
0	709
0	710
0	711
0	712
0	713
0	714
0	715
0	716
0	717
0	718
0	719
0	720
0	721
0	722
0	723
0	724
0	725
0	726
0	727
0	728
0	729
0	730
0	731
0	732
0	733
0	734
0	735
0	736
0	737
0	738
0	739
0	740
0	741
0	742
0	743
0	744
0	745
0	746
0	747
0	748
0	749
0	750
0	751
0	752
0	753
0	754
0	755
0	756
0	757
0	758
0	759
0	760
0	761
0	762
0	763
0	764
0	765
0	766
0	767
0	768
0	769
0	770
0	771
0	772
0	773
0	774
0	775
0	776
0	777
0	778
0	779
0	780
0	781
0	782
0	783
0	784
0	785
0	786
0	787
0	788
0	789
0	790
0	791
0	792
0	793
0	794
0	795
0	796
0	797
0	798
0	799
0	800
0	801
0	802
0	803
0	804
0	805
0	806
0	807
0	808
0	809
0	810
0	811
0	812
0	813
0	814
0	815
0	816
0	817
0	818
0	819
0	820
0	821
0	822
0	823
0	824
0	825
0	826
0	827
0	828
0	829
0	830
0	831
0	832
0	833
0	834
0	835
0	836
0	837
0	838
0	839
0	840
0	841
0	842
0	843
0	844
0	845
0	846
0	847
0	848
0	849
0	850
0	851
0	852
0	853
0	854
0	855
0	856
0	857
0	858
0	859
0	860
0	861
0	862
0	863
0	864
0	865
0	866
0	867
0	868
0	869
0	870
0	871
0	872
0	873
0	874
0	875
0	876
0	877
0	878
0	879
0	880
0	881
0	882
0	883
0	884
0	885
0	886
0	887
0	888
0	889
0	890
0	891
0	892
0	893
0	894
0	895
0	896
0	897
0	898
0	899
0	900
0	901
0	902
0	903
0	904
0	905
0	906
0	907
0	908
0	909
0	910
0	911
0	912
0	913
0	914
0	915
0	916
0	917
0	918
0	919
0	920
0	921
0	922
0	923
0	924
0	925
0	926
0	927
0	928
0	929
0	930
0	931
0	932
0	933
0	934
0	935
0	936
0	937
0	938
0	939
0	940
0	941
0	942
0	943
0	944
0	945
0	946
0	947
0	948
0	949
0	950
0	951
0	952
0	953
0	954
0	955
0	956
0	957
0	958
0	959
0	960
0	961
0	962
0	963
0	964
0	965
0	966
0	967
0	968
0	969
0	970
0	971
0	972
0	973
0	974
0	975
0	976
0	977
0	978
0	979
0	980
0	981
0	982
0	983
0	984
0	985
0	986
0	987
0	988
0	989
0	990
0	991
0	992
0	993
0	994
0	995
0	996
0	997
0	998
0	999
0	1000
0	1001
0	1002
0	1003
0	1004
0	1005
0	1006
0	1007
0	1008
0	1009
0	1010
0	1011
0	1012
0	1013
0	1014
0	1015
0	1016
0	1017
0	1018
0	1019
0	1020
0	1021
0	1022
0	1023
0	1024
0	1025
0	1026
0	1027
0	1028
0	1029
0	1030
0	1031
0	1032
0	1033
0	1034
0	1035
0	1036
0	1037
0	1038
0	1039
0	1040
0	1041
0	1042
0	1043
0	1044
0	1045
0	1046
0	1047
0	1048
0	1049
0	1050
0	1051
0	1052
0	1053
0	1054
0	1055
0	1056
0	1057
0	1058
0	1059
0	1060
0	1061
0	1062
0	1063
0	1064
0	1065
0	1066
0	1067
0	1068
0	1069
0	1070
0	1071
0	1072
0	1073
0	1074
0	1075
0	1076
0	1077
0	1078
0	1079
0	1080
0	1081
0	1082
0	1083
0	1084
0	1085
0	1086
0	1087
0	1088
0	1089
0	1090
0	1091
0	1092
0	1093
0	1094
0	1095
0	1096
0	1097
0	1098
0	1099
0	1100
0	1101
0	1102
0	1103
0	1104
0	1105
0	1106
0	1107
0	1108
0	1109
0	1110
0	1111
0	1112
0	1113
0	1114
0	1115
0	1116
0	1117
0	1118
0	1119
0	1120
0	1121
0	1122
0	1123
0	1124
0	1125
0	1126
0	1127
0	1128
0	1129
0	1130
0	1131
0	1132
0	1133
0	1134
0	1135
0	1136
0	1137
0	1138
0	1139
0	1140
0	1141
0	1142
0	1143
0	1144
0	1145
0	1146
0	1147
0	1148
0	1149
0	1150
0	1151
0	1152
0	1153
0	1154
0	1155
0	1156
0	1157
0	1158
0	1159
0	1160
0	1161
0	1162
0	1163
0	1164
0	1165
0	1166
0	1167
0	1168
0	1169
0	1170
0	1171
0	1172
0	1173
0	1174
0	1175
0	1176
0	1177
0	1178
0	1179
0	1180
0	1181
0	1182
0	1183
0	1184
0	1185
0	1186
0	1187
0	1188
0	1189
0	1190
0	1191
0	1192
0	1193
0	1194
0	1195
0	1196
0	1197
0	1198
0	1199
0	1200
0	1201
0	1202
0	1203
0	1204
0	1205
0	1206
0	1207
0	1208
0	1209
0	1210
0	1211
0	1212
0	1213
0	1214
0	1215
0	1216
0	1217
0	1218
0	1219
0	1220
0	1221
0	1222
0	1223
0	1224
0	1225
0	1226
0	1227
0	1228
0	1229
0	1230
0	1231
0	1232
0	1233
0	1234
0	1235
0	1236
0	1237
0	1238
0	1239
0	1240
0	1241
0	1242
0	1243
0	1244
0	1245
0	1246
0	1247
0	1248
0	1249
0	1250
0	1251
0	1252
0	1253
0	1254
0	1255
0	1256
0	1257
0	1258
0	1259
0	1260
0	1261
0	1262
0	1263
0	1264
0	1265
0	1266
0	1267
0	1268
0	1269
0	1270
0	1271
0	1272
0	1273
0	1274
0	1275
0	1276
0	1277
0	1278
0	1279
0	1280
0	1281
0	1282
0	1283
0	1284
0	1285
0	1286
0	1287
0	1288
0	1289
0	1290
0	1291
0	1292
0	1293
0	1294
0	1295
0	1296
0	1297
0	1298
0	1299
0	1300
0	1301
0	1302
0	1303
0	1304
0	1305
0	1306
0	1307
0	1308
0	1309
0	1310
0	1311
0	1312
0	1313
0	1314
0	1315
0	1316
0	1317
0	1318
0	1319
0	1320
0	1321
0	1322
0	1323
0	1324
0	1325
0	1326
0	1327
0	1328
0	1329
0	1330
0	1331
0	1332
0	1333
0	1334
0	1335
0	1336
0	1337
0	1338
0	1339
0	1340
0	1341
0	1342
0	1343
0	1344
0	1345
0	1346
0	1347
0	1348
0	1349
0	1350
0	1351
0	1352
0	1353
0	1354
0	1355
0	1356
0	1357
0	1358
0	1359
0	1360
0	1361
0	1362
0	1363
0	1364
0	1365
0	1366
0	1367
0	1368
0	1369
0	1370
0	1371
0	1372
0	1373
0	1374
0	1375
0	1376
0	1377
0	1378
0	1379
0	1380
0	1381
0	1382
0	1383
0	1384
0	1385
0	1386
0	1387
0	1388
0	1389
0	1390
0	1391
0	1392
0	1393
0	1394
0	1395
0	1396
0	1397
0	1398
0	1399
0	1400
0	1401
0	1402
0	1403
0	1404
0	1405
0	1406
0	1407
0	1408
0	1409
0	1410
0	1411
0	1412
0	1413
0	1414
0	1415
0	1416
0	1417
0	1418
0	1419
0	1420
0	1421
0	1422
0	1423
0	1424
0	1425
0	1426
0	1427
0	1428
0	1429
0	1430
0	1431
0	1432
0	1433
0	1434
0	1435
0	1436
0	1437
0	1438
0	1439
0	1440
0	1441
0	1442
0	1443
0	1444
0	1445
0	1446
0	1447
0	1448
0	1449
0	1450
0	1451
0	1452
0	1453
0	1454
0	1455
0	1456
0	1457
0	1458
0	1459
0	1460
0	1461
0	1462
0	1463
0	1464
0	1465
0	1466
0	1467
0	1468
0	1469
0	1470
0	1471
0	1472
0	1473
0	1474
0	1475
0	1476
0	1477
0	1478
0	1479
0	1480
0	1481
0	1482
0	1483
0	1484
0	1485
0	1486
0	1487
0	1488
0	1489
0	1490
0	1491
0	1492
0	1493
0	1494
0	1495
0	1496
0	1497
0	1498
0	1499
1	1500
1	1501
1	1502
1	1503
1	1504
1	1505
1	1506
1	1507
1	1508
1	1509
1	1510
1	1511
1	1512
1	1513
1	1514
1	1515
1	1516
1	1517
1	1518
1	1519
1	1520
1	1521
1	1522
1	1523
1	1524
1	1525
1	1526
1	1527
1	1528
1	1529
1	1530
1	1531
1	1532
1	1533
1	1534
1	1535
1	1536
1	1537
1	1538
1	1539
1	1540
1	1541
1	1542
1	1543
1	1544
1	1545
1	1546
1	1547
1	1548
1	1549
1	1550
1	1551
1	1552
1	1553
1	1554
1	1555
1	1556
1	1557
1	1558
1	1559
1	1560
1	1561
1	1562
1	1563
1	1564
1	1565
1	1566
1	1567
1	1568
1	1569
1	1570
1	1571
1	1572
1	1573
1	1574
1	1575
1	1576
1	1577
1	1578
1	1579
1	1580
1	1581
1	1582
1	1583
1	1584
1	1585
1	1586
1	1587
1	1588
1	1589
1	1590
1	1591
1	1592
1	1593
1	1594
1	1595
1	1596
1	1597
1	1598
1	1599
1	1600
1	1601
1	1602
1	1603
1	1604
1	1605
1	1606
1	1607
1	1608
1	1609
1	1610
1	1611
1	1612
1	1613
1	1614
1	1615
1	1616
1	1617
1	1618
1	1619
1	1620
1	1621
1	1622
1	1623
1	1624
1	1625
1	1626
1	1627
1	1628
1	1629
1	1630
1	1631
1	1632
1	1633
1	1634
1	1635
1	1636
1	1637
1	1638
1	1639
1	1640
1	1641
1	1642
1	1643
1	1644
1	1645
1	1646
1	1647
1	1648
1	1649
1	1650
1	1651
1	1652
1	1653
1	1654
1	1655
1	1656
1	1657
1	1658
1	1659
1	1660
1	1661
1	1662
1	1663
1	1664
1	1665
1	1666
1	1667
1	1668
1	1669
1	1670
1	1671
1	1672
1	1673
1	1674
1	1675
1	1676
1	1677
1	1678
1	1679
1	1680
1	1681
1	1682
1	1683
1	1684
1	1685
1	1686
1	1687
1	1688
1	1689
1	1690
1	1691
1	1692
1	1693
1	1694
1	1695
1	1696
1	1697
1	1698
1	1699
1	1700
1	1701
1	1702
1	1703
1	1704
1	1705
1	1706
1	1707
1	1708
1	1709
1	1710
1	1711
1	1712
1	1713
1	1714
1	1715
1	1716
1	1717
1	1718
1	1719
1	1720
1	1721
1	1722
1	1723
1	1724
1	1725
1	1726
1	1727
1	1728
1	1729
1	1730
1	1731
1	1732
1	1733
1	1734
1	1735
1	1736
1	1737
1	1738
1	1739
1	1740
1	1741
1	1742
1	1743
1	1744
1	1745
1	1746
1	1747
1	1748
1	1749
1	1750
1	1751
1	1752
1	1753
1	1754
1	1755
1	1756
1	1757
1	1758
1	1759
1	1760
1	1761
1	1762
1	1763
1	1764
1	1765
1	1766
1	1767
1	1768
1	1769
1	1770
1	1771
1	1772
1	1773
1	1774
1	1775
1	1776
1	1777
1	1778
1	1779
1	1780
1	1781
1	1782
1	1783
1	1784
1	1785
1	1786
1	1787
1	1788
1	1789
1	1790
1	1791
1	1792
1	1793
1	1794
1	1795
1	1796
1	1797
1	1798
1	1799
1	1800
1	1801
1	1802
1	1803
1	1804
1	1805
1	1806
1	1807
1	1808
1	1809
1	1810
1	1811
1	1812
1	1813
1	1814
1	1815
1	1816
1	1817
1	1818
1	1819
1	1820
1	1821
1	1822
1	1823
1	1824
1	1825
1	1826
1	1827
1	1828
1	1829
1	1830
1	1831
1	1832
1	1833
1	1834
1	1835
1	1836
1	1837
1	1838
1	1839
1	1840
1	1841
1	1842
1	1843
1	1844
1	1845
1	1846
1	1847
1	1848
1	1849
1	1850
1	1851
1	1852
1	1853
1	1854
1	1855
1	1856
1	1857
1	1858
1	1859
1	1860
1	1861
1	1862
1	1863
1	1864
1	1865
1	1866
1	1867
1	1868
1	1869
1	1870
1	1871
1	1872
1	1873
1	1874
1	1875
1	1876
1	1877
1	1878
1	1879
1	1880
1	1881
1	1882
1	1883
1	1884
1	1885
1	1886
1	1887
1	1888
1	1889
1	1890
1	1891
1	1892
1	1893
1	1894
1	1895
1	1896
1	1897
1	1898
1	1899
1	1900
1	1901
1	1902
1	1903
1	1904
1	1905
1	1906
1	1907
1	1908
1	1909
1	1910
1	1911
1	1912
1	1913
1	1914
1	1915
1	1916
1	1917
1	1918
1	1919
1	1920
1	1921
1	1922
1	1923
1	1924
1	1925
1	1926
1	1927
1	1928
1	1929
1	1930
1	1931
1	1932
1	1933
1	1934
1	1935
1	1936
1	1937
1	1938
1	1939
1	1940
1	1941
1	1942
1	1943
1	1944
1	1945
1	1946
1	1947
1	1948
1	1949
1	1950
1	1951
1	1952
1	1953
1	1954
1	1955
1	1956
1	1957
1	1958
1	1959
1	1960
1	1961
1	1962
1	1963
1	1964
1	1965
1	1966
1	1967
1	1968
1	1969
1	1970
1	1971
1	1972
1	1973
1	1974
1	1975
1	1976
1	1977
1	1978
1	1979
1	1980
1	1981
1	1982
1	1983
1	1984
1	1985
1	1986
1	1987
1	1988
1	1989
1	1990
1	1991
1	1992
1	1993
1	1994
1	1995
1	1996
1	1997
1	1998
1	1999
