0	0
0	1
0	2
0	3
0	4
0	5
0	6
0	7
0	8
0	9
0	10
0	11
0	12
0	13
0	14
0	15
0	16
0	17
0	18
0	19
0	20
0	21
0	22
0	23
0	24
0	25
0	26
0	27
0	28
0	29
0	30
0	31
0	32
0	33
0	34
0	35
0	36
0	37
0	38
0	39
0	40
0	41
0	42
0	43
0	44
0	45
0	46
0	47
0	48
0	49
0	50
0	51
0	52
0	53
0	54
0	55
0	56
0	57
0	58
0	59
0	60
0	61
0	62
0	63
0	64
0	65
0	66
0	67
0	68
0	69
0	70
0	71
0	72
0	73
0	74
0	75
0	76
0	77
0	78
0	79
0	80
0	81
0	82
0	83
0	84
0	85
0	86
0	87
0	88
0	89
0	90
0	91
0	92
0	93
0	94
0	95
0	96
0	97
0	98
0	99
0	100
0	101
0	102
0	103
0	104
0	105
0	106
0	107
0	108
0	109
0	110
0	111
0	112
0	113
0	114
0	115
0	116
0	117
0	118
0	119
0	120
0	121
0	122
0	123
0	124
0	125
0	126
0	127
0	128
0	129
0	130
0	131
0	132
0	133
0	134
0	135
0	136
0	137
0	138
0	139
0	140
0	141
0	142
0	143
0	144
0	145
0	146
0	147
0	148
0	149
0	150
0	151
0	152
0	153
0	154
0	155
0	156
0	157
0	158
0	159
0	160
0	161
0	162
0	163
0	164
0	165
0	166
0	167
0	168
0	169
0	170
0	171
0	172
0	173
0	174
0	175
0	176
0	177
0	178
0	179
0	180
0	181
0	182
0	183
0	184
0	185
0	186
0	187
0	188
0	189
0	190
0	191
0	192
0	193
0	194
0	195
0	196
0	197
0	198
0	199
0	200
0	201
0	202
0	203
0	204
0	205
0	206
0	207
0	208
0	209
0	210
0	211
0	212
0	213
0	214
0	215
0	216
0	217
0	218
0	219
0	220
0	221
0	222
0	223
0	224
0	225
0	226
0	227
0	228
0	229
0	230
0	231
0	232
0	233
0	234
0	235
0	236
0	237
0	238
0	239
0	240
0	241
0	242
0	243
0	244
0	245
0	246
0	247
0	248
0	249
0	250
0	251
0	252
0	253
0	254
0	255
0	256
0	257
0	258
0	259
0	260
0	261
0	262
0	263
0	264
0	265
0	266
0	267
0	268
0	269
0	270
0	271
0	272
0	273
0	274
0	275
0	276
0	277
0	278
0	279
0	280
0	281
0	282
0	283
0	284
0	285
0	286
0	287
0	288
0	289
0	290
0	291
0	292
0	293
0	294
0	295
0	296
0	297
0	298
0	299
0	300
0	301
0	302
0	303
0	304
0	305
0	306
0	307
0	308
0	309
0	310
0	311
0	312
0	313
0	314
0	315
0	316
0	317
0	318
0	319
0	320
0	321
0	322
0	323
0	324
0	325
0	326
0	327
0	328
0	329
0	330
0	331
0	332
0	333
0	334
0	335
0	336
0	337
0	338
0	339
0	340
0	341
0	342
0	343
0	344
0	345
0	346
0	347
0	348
0	349
0	350
0	351
0	352
0	353
0	354
0	355
0	356
0	357
0	358
0	359
0	360
0	361
0	362
0	363
0	364
0	365
0	366
0	367
0	368
0	369
0	370
0	371
0	372
0	373
0	374
0	375
0	376
0	377
0	378
0	379
0	380
0	381
0	382
0	383
0	384
0	385
0	386
0	387
0	388
0	389
0	390
0	391
0	392
0	393
0	394
0	395
0	396
0	397
0	398
0	399
0	400
0	401
0	402
0	403
0	404
0	405
0	406
0	407
0	408
0	409
0	410
0	411
0	412
0	413
0	414
0	415
0	416
0	417
0	418
0	419
0	420
0	421
0	422
0	423
0	424
0	425
0	426
0	427
0	428
0	429
0	430
0	431
0	432
0	433
0	434
0	435
0	436
0	437
0	438
0	439
0	440
0	441
0	442
0	443
0	444
0	445
0	446
0	447
0	448
0	449
0	450
0	451
0	452
0	453
0	454
0	455
0	456
0	457
0	458
0	459
0	460
0	461
0	462
0	463
0	464
0	465
0	466
0	467
0	468
0	469
0	470
0	471
0	472
0	473
0	474
0	475
0	476
0	477
0	478
0	479
0	480
0	481
0	482
0	483
0	484
0	485
0	486
0	487
0	488
0	489
0	490
0	491
0	492
0	493
0	494
0	495
0	496
0	497
0	498
0	499
0	500
0	501
0	502
0	503
0	504
0	505
0	506
0	507
0	508
0	509
0	510
0	511
0	512
0	513
0	514
0	515
0	516
0	517
0	518
0	519
0	520
0	521
0	522
0	523
0	524
0	525
0	526
0	527
0	528
0	529
0	530
0	531
0	532
0	533
0	534
0	535
0	536
0	537
0	538
0	539
0	540
0	541
0	542
0	543
0	544
0	545
0	546
0	547
0	548
0	549
0	550
0	551
0	552
0	553
0	554
0	555
0	556
0	557
0	558
0	559
0	560
0	561
0	562
0	563
0	564
0	565
0	566
0	567
0	568
0	569
0	570
0	571
0	572
0	573
0	574
0	575
0	576
0	577
0	578
0	579
0	580
0	581
0	582
0	583
0	584
0	585
0	586
0	587
0	588
0	589
0	590
0	591
0	592
0	593
0	594
0	595
0	596
0	597
0	598
0	599
0	600
0	601
0	602
0	603
0	604
0	605
0	606
0	607
0	608
0	609
0	610
0	611
0	612
0	613
0	614
0	615
0	616
0	617
0	618
0	619
0	620
0	621
0	622
0	623
0	624
0	625
0	626
0	627
0	628
0	629
0	630
0	631
0	632
0	633
0	634
0	635
0	636
0	637
0	638
0	639
0	640
0	641
0	642
0	643
0	644
0	645
0	646
0	647
0	648
0	649
0	650
0	651
0	652
0	653
0	654
0	655
0	656
0	657
0	658
0	659
0	660
0	661
0	662
0	663
0	664
0	665
0	666
0	667
0	668
0	669
0	670
0	671
0	672
0	673
0	674
0	675
0	676
0	677
0	678
0	679
0	680
0	681
0	682
0	683
0	684
0	685
0	686
0	687
0	688
0	689
0	690
0	691
0	692
0	693
0	694
0	695
0	696
0	697
0	698
0	699
0	700
0	701
0	702
0	703
0	704
0	705
0	706
0	707
0	708
0	709
0	710
0	711
0	712
0	713
0	714
0	715
0	716
0	717
0	718
0	719
0	720
0	721
0	722
0	723
0	724
0	725
0	726
0	727
0	728
0	729
0	730
0	731
0	732
0	733
0	734
0	735
0	736
0	737
0	738
0	739
0	740
0	741
0	742
0	743
0	744
0	745
0	746
0	747
0	748
0	749
0	750
0	751
0	752
0	753
0	754
0	755
0	756
0	757
0	758
0	759
0	760
0	761
0	762
0	763
0	764
0	765
0	766
0	767
0	768
0	769
0	770
0	771
0	772
0	773
0	774
0	775
0	776
0	777
0	778
0	779
0	780
0	781
0	782
0	783
0	784
0	785
0	786
0	787
0	788
0	789
0	790
0	791
0	792
0	793
0	794
0	795
0	796
0	797
0	798
0	799
0	800
0	801
0	802
0	803
0	804
0	805
0	806
0	807
0	808
0	809
0	810
0	811
0	812
0	813
0	814
0	815
0	816
0	817
0	818
0	819
0	820
0	821
0	822
0	823
0	824
0	825
0	826
0	827
0	828
0	829
0	830
0	831
0	832
0	833
0	834
0	835
0	836
0	837
0	838
0	839
0	840
0	841
0	842
0	843
0	844
0	845
0	846
0	847
0	848
0	849
0	850
0	851
0	852
0	853
0	854
0	855
0	856
0	857
0	858
0	859
0	860
0	861
0	862
0	863
0	864
0	865
0	866
0	867
0	868
0	869
0	870
0	871
0	872
0	873
0	874
0	875
0	876
0	877
0	878
0	879
0	880
0	881
0	882
0	883
0	884
0	885
0	886
0	887
0	888
0	889
0	890
0	891
0	892
0	893
0	894
0	895
0	896
0	897
0	898
0	899
0	900
0	901
0	902
0	903
0	904
0	905
0	906
0	907
0	908
0	909
0	910
0	911
0	912
0	913
0	914
0	915
0	916
0	917
0	918
0	919
0	920
0	921
0	922
0	923
0	924
0	925
0	926
0	927
0	928
0	929
0	930
0	931
0	932
0	933
0	934
0	935
0	936
0	937
0	938
0	939
0	940
0	941
0	942
0	943
0	944
0	945
0	946
0	947
0	948
0	949
0	950
0	951
0	952
0	953
0	954
0	955
0	956
0	957
0	958
0	959
0	960
0	961
0	962
0	963
0	964
0	965
0	966
0	967
0	968
0	969
0	970
0	971
0	972
0	973
0	974
0	975
0	976
0	977
0	978
0	979
0	980
0	981
0	982
0	983
0	984
0	985
0	986
0	987
0	988
0	989
0	990
0	991
0	992
0	993
0	994
0	995
0	996
0	997
0	998
0	999
0	1000
0	1001
0	1002
0	1003
0	1004
0	1005
0	1006
0	1007
0	1008
0	1009
0	1010
0	1011
0	1012
0	1013
0	1014
0	1015
0	1016
0	1017
0	1018
0	1019
0	1020
0	1021
0	1022
0	1023
0	1024
0	1025
0	1026
0	1027
0	1028
0	1029
0	1030
0	1031
0	1032
0	1033
0	1034
0	1035
0	1036
0	1037
0	1038
0	1039
0	1040
0	1041
0	1042
0	1043
0	1044
0	1045
0	1046
0	1047
0	1048
0	1049
0	1050
0	1051
0	1052
0	1053
0	1054
0	1055
0	1056
0	1057
0	1058
0	1059
0	1060
0	1061
0	1062
0	1063
0	1064
0	1065
0	1066
0	1067
0	1068
0	1069
0	1070
0	1071
0	1072
0	1073
0	1074
0	1075
0	1076
0	1077
0	1078
0	1079
0	1080
0	1081
0	1082
0	1083
0	1084
0	1085
0	1086
0	1087
0	1088
0	1089
0	1090
0	1091
0	1092
0	1093
0	1094
0	1095
0	1096
0	1097
0	1098
0	1099
0	1100
0	1101
0	1102
0	1103
0	1104
0	1105
0	1106
0	1107
0	1108
0	1109
0	1110
0	1111
0	1112
0	1113
0	1114
0	1115
0	1116
0	1117
0	1118
0	1119
0	1120
0	1121
0	1122
0	1123
0	1124
0	1125
0	1126
0	1127
0	1128
0	1129
0	1130
0	1131
0	1132
0	1133
0	1134
0	1135
0	1136
0	1137
0	1138
0	1139
0	1140
0	1141
0	1142
0	1143
0	1144
0	1145
0	1146
0	1147
0	1148
0	1149
0	1150
0	1151
0	1152
0	1153
0	1154
0	1155
0	1156
0	1157
0	1158
0	1159
0	1160
0	1161
0	1162
0	1163
0	1164
0	1165
0	1166
0	1167
0	1168
0	1169
0	1170
0	1171
0	1172
0	1173
0	1174
0	1175
0	1176
0	1177
0	1178
0	1179
0	1180
0	1181
0	1182
0	1183
0	1184
0	1185
0	1186
0	1187
0	1188
0	1189
0	1190
0	1191
0	1192
0	1193
0	1194
0	1195
0	1196
0	1197
0	1198
0	1199
0	1200
0	1201
0	1202
0	1203
0	1204
0	1205
0	1206
0	1207
0	1208
0	1209
0	1210
0	1211
0	1212
0	1213
0	1214
0	1215
0	1216
0	1217
0	1218
0	1219
0	1220
0	1221
0	1222
0	1223
0	1224
0	1225
0	1226
0	1227
0	1228
0	1229
0	1230
0	1231
0	1232
0	1233
0	1234
0	1235
0	1236
0	1237
0	1238
0	1239
0	1240
0	1241
0	1242
0	1243
0	1244
0	1245
0	1246
0	1247
0	1248
0	1249
0	1250
0	1251
0	1252
0	1253
0	1254
0	1255
0	1256
0	1257
0	1258
0	1259
0	1260
0	1261
0	1262
0	1263
0	1264
0	1265
0	1266
0	1267
0	1268
0	1269
0	1270
0	1271
0	1272
0	1273
0	1274
0	1275
0	1276
0	1277
0	1278
0	1279
0	1280
0	1281
0	1282
0	1283
0	1284
0	1285
0	1286
0	1287
0	1288
0	1289
0	1290
0	1291
0	1292
0	1293
0	1294
0	1295
0	1296
0	1297
0	1298
0	1299
0	1300
0	1301
0	1302
0	1303
0	1304
0	1305
0	1306
0	1307
0	1308
0	1309
0	1310
0	1311
0	1312
0	1313
0	1314
0	1315
0	1316
0	1317
0	1318
0	1319
0	1320
0	1321
0	1322
0	1323
0	1324
0	1325
0	1326
0	1327
0	1328
0	1329
0	1330
0	1331
0	1332
0	1333
0	1334
0	1335
0	1336
0	1337
0	1338
0	1339
0	1340
0	1341
0	1342
0	1343
0	1344
0	1345
0	1346
0	1347
0	1348
0	1349
0	1350
0	1351
0	1352
0	1353
0	1354
0	1355
0	1356
0	1357
0	1358
0	1359
0	1360
0	1361
0	1362
0	1363
0	1364
0	1365
0	1366
0	1367
0	1368
0	1369
0	1370
0	1371
0	1372
0	1373
0	1374
0	1375
0	1376
0	1377
0	1378
0	1379
0	1380
0	1381
0	1382
0	1383
0	1384
0	1385
0	1386
0	1387
0	1388
0	1389
0	1390
0	1391
0	1392
0	1393
0	1394
0	1395
0	1396
0	1397
0	1398
0	1399
0	1400
0	1401
0	1402
0	1403
0	1404
0	1405
0	1406
0	1407
0	1408
0	1409
0	1410
0	1411
0	1412
0	1413
0	1414
0	1415
0	1416
0	1417
0	1418
0	1419
0	1420
0	1421
0	1422
0	1423
0	1424
0	1425
0	1426
0	1427
0	1428
0	1429
0	1430
0	1431
0	1432
0	1433
0	1434
0	1435
0	1436
0	1437
0	1438
0	1439
0	1440
0	1441
0	1442
0	1443
0	1444
0	1445
0	1446
0	1447
0	1448
0	1449
0	1450
0	1451
0	1452
0	1453
0	1454
0	1455
0	1456
0	1457
0	1458
0	1459
0	1460
0	1461
0	1462
0	1463
0	1464
0	1465
0	1466
0	1467
0	1468
0	1469
0	1470
0	1471
0	1472
0	1473
0	1474
0	1475
0	1476
0	1477
0	1478
0	1479
0	1480
0	1481
0	1482
0	1483
0	1484
0	1485
0	1486
0	1487
0	1488
0	1489
0	1490
0	1491
0	1492
0	1493
0	1494
0	1495
0	1496
0	1497
0	1498
0	1499
0	1500
0	1501
0	1502
0	1503
0	1504
0	1505
0	1506
0	1507
0	1508
0	1509
0	1510
0	1511
0	1512
0	1513
0	1514
0	1515
0	1516
0	1517
0	1518
0	1519
0	1520
0	1521
0	1522
0	1523
0	1524
0	1525
0	1526
0	1527
0	1528
0	1529
0	1530
0	1531
0	1532
0	1533
0	1534
0	1535
0	1536
0	1537
0	1538
0	1539
0	1540
0	1541
0	1542
0	1543
0	1544
0	1545
0	1546
0	1547
0	1548
0	1549
0	1550
0	1551
0	1552
0	1553
0	1554
0	1555
0	1556
0	1557
0	1558
0	1559
0	1560
0	1561
0	1562
0	1563
0	1564
0	1565
0	1566
0	1567
0	1568
0	1569
0	1570
0	1571
0	1572
0	1573
0	1574
0	1575
0	1576
0	1577
0	1578
0	1579
0	1580
0	1581
0	1582
0	1583
0	1584
0	1585
0	1586
0	1587
0	1588
0	1589
0	1590
0	1591
0	1592
0	1593
0	1594
0	1595
0	1596
0	1597
0	1598
0	1599
0	1600
0	1601
0	1602
0	1603
0	1604
0	1605
0	1606
0	1607
0	1608
0	1609
0	1610
0	1611
0	1612
0	1613
0	1614
0	1615
0	1616
0	1617
0	1618
0	1619
0	1620
0	1621
0	1622
0	1623
0	1624
0	1625
0	1626
0	1627
0	1628
0	1629
0	1630
0	1631
0	1632
0	1633
0	1634
0	1635
0	1636
0	1637
0	1638
0	1639
0	1640
0	1641
0	1642
0	1643
0	1644
0	1645
0	1646
0	1647
0	1648
0	1649
1	1650
1	1651
1	1652
1	1653
1	1654
1	1655
1	1656
1	1657
1	1658
1	1659
1	1660
1	1661
1	1662
1	1663
1	1664
1	1665
1	1666
1	1667
1	1668
1	1669
1	1670
1	1671
1	1672
1	1673
1	1674
1	1675
1	1676
1	1677
1	1678
1	1679
1	1680
1	1681
1	1682
1	1683
1	1684
1	1685
1	1686
1	1687
1	1688
1	1689
1	1690
1	1691
1	1692
1	1693
1	1694
1	1695
1	1696
1	1697
1	1698
1	1699
1	1700
1	1701
1	1702
1	1703
1	1704
1	1705
1	1706
1	1707
1	1708
1	1709
1	1710
1	1711
1	1712
1	1713
1	1714
1	1715
1	1716
1	1717
1	1718
1	1719
1	1720
1	1721
1	1722
1	1723
1	1724
1	1725
1	1726
1	1727
1	1728
1	1729
1	1730
1	1731
1	1732
1	1733
1	1734
1	1735
1	1736
1	1737
1	1738
1	1739
1	1740
1	1741
1	1742
1	1743
1	1744
1	1745
1	1746
1	1747
1	1748
1	1749
1	1750
1	1751
1	1752
1	1753
1	1754
1	1755
1	1756
1	1757
1	1758
1	1759
1	1760
1	1761
1	1762
1	1763
1	1764
1	1765
1	1766
1	1767
1	1768
1	1769
1	1770
1	1771
1	1772
1	1773
1	1774
1	1775
1	1776
1	1777
1	1778
1	1779
1	1780
1	1781
1	1782
1	1783
1	1784
1	1785
1	1786
1	1787
1	1788
1	1789
1	1790
1	1791
1	1792
1	1793
1	1794
1	1795
1	1796
1	1797
1	1798
1	1799
1	1800
1	1801
1	1802
1	1803
1	1804
1	1805
1	1806
1	1807
1	1808
1	1809
1	1810
1	1811
1	1812
1	1813
1	1814
1	1815
1	1816
1	1817
1	1818
1	1819
1	1820
1	1821
1	1822
1	1823
1	1824
1	1825
1	1826
1	1827
1	1828
1	1829
1	1830
1	1831
1	1832
1	1833
1	1834
1	1835
1	1836
1	1837
1	1838
1	1839
1	1840
1	1841
1	1842
1	1843
1	1844
1	1845
1	1846
1	1847
1	1848
1	1849
1	1850
1	1851
1	1852
1	1853
1	1854
1	1855
1	1856
1	1857
1	1858
1	1859
1	1860
1	1861
1	1862
1	1863
1	1864
1	1865
1	1866
1	1867
1	1868
1	1869
1	1870
1	1871
1	1872
1	1873
1	1874
1	1875
1	1876
1	1877
1	1878
1	1879
1	1880
1	1881
1	1882
1	1883
1	1884
1	1885
1	1886
1	1887
1	1888
1	1889
1	1890
1	1891
1	1892
1	1893
1	1894
1	1895
1	1896
1	1897
1	1898
1	1899
1	1900
1	1901
1	1902
1	1903
1	1904
1	1905
1	1906
1	1907
1	1908
1	1909
1	1910
1	1911
1	1912
1	1913
1	1914
1	1915
1	1916
1	1917
1	1918
1	1919
1	1920
1	1921
1	1922
1	1923
1	1924
1	1925
1	1926
1	1927
1	1928
1	1929
1	1930
1	1931
1	1932
1	1933
1	1934
1	1935
1	1936
1	1937
1	1938
1	1939
1	1940
1	1941
1	1942
1	1943
1	1944
1	1945
1	1946
1	1947
1	1948
1	1949
1	1950
1	1951
1	1952
1	1953
1	1954
1	1955
1	1956
1	1957
1	1958
1	1959
1	1960
1	1961
1	1962
1	1963
1	1964
1	1965
1	1966
1	1967
1	1968
1	1969
1	1970
1	1971
1	1972
1	1973
1	1974
1	1975
1	1976
1	1977
1	1978
1	1979
1	1980
1	1981
1	1982
1	1983
1	1984
1	1985
1	1986
1	1987
1	1988
1	1989
1	1990
1	1991
1	1992
1	1993
1	1994
1	1995
1	1996
1	1997
1	1998
1	1999
1	2000
1	2001
1	2002
1	2003
1	2004
1	2005
1	2006
1	2007
1	2008
1	2009
1	2010
1	2011
1	2012
1	2013
1	2014
1	2015
1	2016
1	2017
1	2018
1	2019
1	2020
1	2021
1	2022
1	2023
1	2024
1	2025
1	2026
1	2027
1	2028
1	2029
1	2030
1	2031
1	2032
1	2033
1	2034
1	2035
1	2036
1	2037
1	2038
1	2039
1	2040
1	2041
1	2042
1	2043
1	2044
1	2045
1	2046
1	2047
1	2048
1	2049
1	2050
1	2051
1	2052
1	2053
1	2054
1	2055
1	2056
1	2057
1	2058
1	2059
1	2060
1	2061
1	2062
1	2063
1	2064
1	2065
1	2066
1	2067
1	2068
1	2069
1	2070
1	2071
1	2072
1	2073
1	2074
1	2075
1	2076
1	2077
1	2078
1	2079
1	2080
1	2081
1	2082
1	2083
1	2084
1	2085
1	2086
1	2087
1	2088
1	2089
1	2090
1	2091
1	2092
1	2093
1	2094
1	2095
1	2096
1	2097
1	2098
1	2099
1	2100
1	2101
1	2102
1	2103
1	2104
1	2105
1	2106
1	2107
1	2108
1	2109
1	2110
1	2111
1	2112
1	2113
1	2114
1	2115
1	2116
1	2117
1	2118
1	2119
1	2120
1	2121
1	2122
1	2123
1	2124
1	2125
1	2126
1	2127
1	2128
1	2129
1	2130
1	2131
1	2132
1	2133
1	2134
1	2135
1	2136
1	2137
1	2138
1	2139
1	2140
1	2141
1	2142
1	2143
1	2144
1	2145
1	2146
1	2147
1	2148
1	2149
1	2150
1	2151
1	2152
1	2153
1	2154
1	2155
1	2156
1	2157
1	2158
1	2159
1	2160
1	2161
1	2162
1	2163
1	2164
1	2165
1	2166
1	2167
1	2168
1	2169
1	2170
1	2171
1	2172
1	2173
1	2174
1	2175
1	2176
1	2177
1	2178
1	2179
1	2180
1	2181
1	2182
1	2183
1	2184
1	2185
1	2186
1	2187
1	2188
1	2189
1	2190
1	2191
1	2192
1	2193
1	2194
1	2195
1	2196
1	2197
1	2198
1	2199
1	2200
1	2201
1	2202
1	2203
1	2204
1	2205
1	2206
1	2207
1	2208
1	2209
1	2210
1	2211
1	2212
1	2213
1	2214
1	2215
1	2216
1	2217
1	2218
1	2219
1	2220
1	2221
1	2222
1	2223
1	2224
1	2225
1	2226
1	2227
1	2228
1	2229
1	2230
1	2231
1	2232
1	2233
1	2234
1	2235
1	2236
1	2237
1	2238
1	2239
1	2240
1	2241
1	2242
1	2243
1	2244
1	2245
1	2246
1	2247
1	2248
1	2249
1	2250
1	2251
1	2252
1	2253
1	2254
1	2255
1	2256
1	2257
1	2258
1	2259
1	2260
1	2261
1	2262
1	2263
1	2264
1	2265
1	2266
1	2267
1	2268
1	2269
1	2270
1	2271
1	2272
1	2273
1	2274
1	2275
1	2276
1	2277
1	2278
1	2279
1	2280
1	2281
1	2282
1	2283
1	2284
1	2285
1	2286
1	2287
1	2288
1	2289
1	2290
1	2291
1	2292
1	2293
1	2294
1	2295
1	2296
1	2297
1	2298
1	2299
1	2300
1	2301
1	2302
1	2303
1	2304
1	2305
1	2306
1	2307
1	2308
1	2309
1	2310
1	2311
1	2312
1	2313
1	2314
1	2315
1	2316
1	2317
1	2318
1	2319
1	2320
1	2321
1	2322
1	2323
1	2324
1	2325
1	2326
1	2327
1	2328
1	2329
1	2330
1	2331
1	2332
1	2333
1	2334
1	2335
1	2336
1	2337
1	2338
1	2339
1	2340
1	2341
1	2342
1	2343
1	2344
1	2345
1	2346
1	2347
1	2348
1	2349
1	2350
1	2351
1	2352
1	2353
1	2354
1	2355
1	2356
1	2357
1	2358
1	2359
1	2360
1	2361
1	2362
1	2363
1	2364
1	2365
1	2366
1	2367
1	2368
1	2369
1	2370
1	2371
1	2372
1	2373
1	2374
1	2375
1	2376
1	2377
1	2378
1	2379
1	2380
1	2381
1	2382
1	2383
1	2384
1	2385
1	2386
1	2387
1	2388
1	2389
1	2390
1	2391
1	2392
1	2393
1	2394
1	2395
1	2396
1	2397
1	2398
1	2399
1	2400
1	2401
1	2402
1	2403
1	2404
1	2405
1	2406
1	2407
1	2408
1	2409
1	2410
1	2411
1	2412
1	2413
1	2414
1	2415
1	2416
1	2417
1	2418
1	2419
1	2420
1	2421
1	2422
1	2423
1	2424
1	2425
1	2426
1	2427
1	2428
1	2429
1	2430
1	2431
1	2432
1	2433
1	2434
1	2435
1	2436
1	2437
1	2438
1	2439
1	2440
1	2441
1	2442
1	2443
1	2444
1	2445
1	2446
1	2447
1	2448
1	2449
1	2450
1	2451
1	2452
1	2453
1	2454
1	2455
1	2456
1	2457
1	2458
1	2459
1	2460
1	2461
1	2462
1	2463
1	2464
1	2465
1	2466
1	2467
1	2468
1	2469
1	2470
1	2471
1	2472
1	2473
1	2474
1	2475
1	2476
1	2477
1	2478
1	2479
1	2480
1	2481
1	2482
1	2483
1	2484
1	2485
1	2486
1	2487
1	2488
1	2489
1	2490
1	2491
1	2492
1	2493
1	2494
1	2495
1	2496
1	2497
1	2498
1	2499
1	2500
1	2501
1	2502
1	2503
1	2504
1	2505
1	2506
1	2507
1	2508
1	2509
1	2510
1	2511
1	2512
1	2513
1	2514
1	2515
1	2516
1	2517
1	2518
1	2519
1	2520
1	2521
1	2522
1	2523
1	2524
1	2525
1	2526
1	2527
1	2528
1	2529
1	2530
1	2531
1	2532
1	2533
1	2534
1	2535
1	2536
1	2537
1	2538
1	2539
1	2540
1	2541
1	2542
1	2543
1	2544
1	2545
1	2546
1	2547
1	2548
1	2549
1	2550
1	2551
1	2552
1	2553
1	2554
1	2555
1	2556
1	2557
1	2558
1	2559
1	2560
1	2561
1	2562
1	2563
1	2564
1	2565
1	2566
1	2567
1	2568
1	2569
1	2570
1	2571
1	2572
1	2573
1	2574
1	2575
1	2576
1	2577
1	2578
1	2579
1	2580
1	2581
1	2582
1	2583
1	2584
1	2585
1	2586
1	2587
1	2588
1	2589
1	2590
1	2591
1	2592
1	2593
1	2594
1	2595
1	2596
1	2597
1	2598
1	2599
1	2600
1	2601
1	2602
1	2603
1	2604
1	2605
1	2606
1	2607
1	2608
1	2609
1	2610
1	2611
1	2612
1	2613
1	2614
1	2615
1	2616
1	2617
1	2618
1	2619
1	2620
1	2621
1	2622
1	2623
1	2624
1	2625
1	2626
1	2627
1	2628
1	2629
1	2630
1	2631
1	2632
1	2633
1	2634
1	2635
1	2636
1	2637
1	2638
1	2639
1	2640
1	2641
1	2642
1	2643
1	2644
1	2645
1	2646
1	2647
1	2648
1	2649
1	2650
1	2651
1	2652
1	2653
1	2654
1	2655
1	2656
1	2657
1	2658
1	2659
1	2660
1	2661
1	2662
1	2663
1	2664
1	2665
1	2666
1	2667
1	2668
1	2669
1	2670
1	2671
1	2672
1	2673
1	2674
1	2675
1	2676
1	2677
1	2678
1	2679
1	2680
1	2681
1	2682
1	2683
1	2684
1	2685
1	2686
1	2687
1	2688
1	2689
1	2690
1	2691
1	2692
1	2693
1	2694
1	2695
1	2696
1	2697
1	2698
1	2699
1	2700
1	2701
1	2702
1	2703
1	2704
1	2705
1	2706
1	2707
1	2708
1	2709
1	2710
1	2711
1	2712
1	2713
1	2714
1	2715
1	2716
1	2717
1	2718
1	2719
1	2720
1	2721
1	2722
1	2723
1	2724
1	2725
1	2726
1	2727
1	2728
1	2729
1	2730
1	2731
1	2732
1	2733
1	2734
1	2735
1	2736
1	2737
1	2738
1	2739
1	2740
1	2741
1	2742
1	2743
1	2744
1	2745
1	2746
1	2747
1	2748
1	2749
1	2750
1	2751
1	2752
1	2753
1	2754
1	2755
1	2756
1	2757
1	2758
1	2759
1	2760
1	2761
1	2762
1	2763
1	2764
1	2765
1	2766
1	2767
1	2768
1	2769
1	2770
1	2771
1	2772
1	2773
1	2774
1	2775
1	2776
1	2777
1	2778
1	2779
1	2780
1	2781
1	2782
1	2783
1	2784
1	2785
1	2786
1	2787
1	2788
1	2789
1	2790
1	2791
1	2792
1	2793
1	2794
1	2795
1	2796
1	2797
1	2798
1	2799
1	2800
1	2801
1	2802
1	2803
1	2804
1	2805
1	2806
1	2807
1	2808
1	2809
1	2810
1	2811
1	2812
1	2813
1	2814
1	2815
1	2816
1	2817
1	2818
1	2819
1	2820
1	2821
1	2822
1	2823
1	2824
1	2825
1	2826
1	2827
1	2828
1	2829
1	2830
1	2831
1	2832
1	2833
1	2834
1	2835
1	2836
1	2837
1	2838
1	2839
1	2840
1	2841
1	2842
1	2843
1	2844
1	2845
1	2846
1	2847
1	2848
1	2849
1	2850
1	2851
1	2852
1	2853
1	2854
1	2855
1	2856
1	2857
1	2858
1	2859
1	2860
1	2861
1	2862
1	2863
1	2864
1	2865
1	2866
1	2867
1	2868
1	2869
1	2870
1	2871
1	2872
1	2873
1	2874
1	2875
1	2876
1	2877
1	2878
1	2879
1	2880
1	2881
1	2882
1	2883
1	2884
1	2885
1	2886
1	2887
1	2888
1	2889
1	2890
1	2891
1	2892
1	2893
1	2894
1	2895
1	2896
1	2897
1	2898
1	2899
1	2900
1	2901
1	2902
1	2903
1	2904
1	2905
1	2906
1	2907
1	2908
1	2909
1	2910
1	2911
1	2912
1	2913
1	2914
1	2915
1	2916
1	2917
1	2918
1	2919
1	2920
1	2921
1	2922
1	2923
1	2924
1	2925
1	2926
1	2927
1	2928
1	2929
1	2930
1	2931
1	2932
1	2933
1	2934
1	2935
1	2936
1	2937
1	2938
1	2939
1	2940
1	2941
1	2942
1	2943
1	2944
1	2945
1	2946
1	2947
1	2948
1	2949
1	2950
1	2951
1	2952
1	2953
1	2954
1	2955
1	2956
1	2957
1	2958
1	2959
1	2960
1	2961
1	2962
1	2963
1	2964
1	2965
1	2966
1	2967
1	2968
1	2969
1	2970
1	2971
1	2972
1	2973
1	2974
1	2975
1	2976
1	2977
1	2978
1	2979
1	2980
1	2981
1	2982
1	2983
1	2984
1	2985
1	2986
1	2987
1	2988
1	2989
1	2990
1	2991
1	2992
1	2993
1	2994
1	2995
1	2996
1	2997
1	2998
1	2999
1	3000
1	3001
1	3002
1	3003
1	3004
1	3005
1	3006
1	3007
1	3008
1	3009
1	3010
1	3011
1	3012
1	3013
1	3014
1	3015
1	3016
1	3017
1	3018
1	3019
1	3020
1	3021
1	3022
1	3023
1	3024
1	3025
1	3026
1	3027
1	3028
1	3029
1	3030
1	3031
1	3032
1	3033
1	3034
1	3035
1	3036
1	3037
1	3038
1	3039
1	3040
1	3041
1	3042
1	3043
1	3044
1	3045
1	3046
1	3047
1	3048
1	3049
1	3050
1	3051
1	3052
1	3053
1	3054
1	3055
1	3056
1	3057
1	3058
1	3059
1	3060
1	3061
1	3062
1	3063
1	3064
1	3065
1	3066
1	3067
1	3068
1	3069
1	3070
1	3071
1	3072
1	3073
1	3074
1	3075
1	3076
1	3077
1	3078
1	3079
1	3080
1	3081
1	3082
1	3083
1	3084
1	3085
1	3086
1	3087
1	3088
1	3089
1	3090
1	3091
1	3092
1	3093
1	3094
1	3095
1	3096
1	3097
1	3098
1	3099
1	3100
1	3101
1	3102
1	3103
1	3104
1	3105
1	3106
1	3107
1	3108
1	3109
1	3110
1	3111
1	3112
1	3113
1	3114
1	3115
1	3116
1	3117
1	3118
1	3119
1	3120
1	3121
1	3122
1	3123
1	3124
1	3125
1	3126
1	3127
1	3128
1	3129
1	3130
1	3131
1	3132
1	3133
1	3134
1	3135
1	3136
1	3137
1	3138
1	3139
1	3140
1	3141
1	3142
1	3143
1	3144
1	3145
1	3146
1	3147
1	3148
1	3149
1	3150
1	3151
1	3152
1	3153
1	3154
1	3155
1	3156
1	3157
1	3158
1	3159
1	3160
1	3161
1	3162
1	3163
1	3164
1	3165
1	3166
1	3167
1	3168
1	3169
1	3170
1	3171
1	3172
1	3173
1	3174
1	3175
1	3176
1	3177
1	3178
1	3179
1	3180
1	3181
1	3182
1	3183
1	3184
1	3185
1	3186
1	3187
1	3188
1	3189
1	3190
1	3191
1	3192
1	3193
1	3194
1	3195
1	3196
1	3197
1	3198
1	3199
1	3200
1	3201
1	3202
1	3203
1	3204
1	3205
1	3206
1	3207
1	3208
1	3209
1	3210
1	3211
1	3212
1	3213
1	3214
1	3215
1	3216
1	3217
1	3218
1	3219
1	3220
1	3221
1	3222
1	3223
1	3224
1	3225
1	3226
1	3227
1	3228
1	3229
1	3230
1	3231
1	3232
1	3233
1	3234
1	3235
1	3236
1	3237
1	3238
1	3239
1	3240
1	3241
1	3242
1	3243
1	3244
1	3245
1	3246
1	3247
1	3248
1	3249
1	3250
1	3251
1	3252
1	3253
1	3254
1	3255
1	3256
1	3257
1	3258
1	3259
1	3260
1	3261
1	3262
1	3263
1	3264
1	3265
1	3266
1	3267
1	3268
1	3269
1	3270
1	3271
1	3272
1	3273
1	3274
1	3275
1	3276
1	3277
1	3278
1	3279
1	3280
1	3281
1	3282
1	3283
1	3284
1	3285
1	3286
1	3287
1	3288
1	3289
1	3290
1	3291
1	3292
1	3293
1	3294
1	3295
0	3296
0	3297
0	3298
0	3299
0	3300
0	3301
0	3302
0	3303
0	3304
0	3305
0	3306
0	3307
0	3308
0	3309
0	3310
0	3311
0	3312
0	3313
0	3314
0	3315
0	3316
0	3317
0	3318
0	3319
0	3320
0	3321
0	3322
0	3323
0	3324
0	3325
0	3326
0	3327
0	3328
0	3329
0	3330
0	3331
0	3332
0	3333
0	3334
0	3335
0	3336
0	3337
0	3338
0	3339
0	3340
0	3341
0	3342
0	3343
0	3344
0	3345
0	3346
0	3347
0	3348
0	3349
0	3350
0	3351
0	3352
0	3353
0	3354
0	3355
0	3356
0	3357
0	3358
0	3359
0	3360
0	3361
0	3362
0	3363
0	3364
0	3365
0	3366
0	3367
0	3368
0	3369
0	3370
0	3371
0	3372
0	3373
0	3374
0	3375
0	3376
0	3377
0	3378
0	3379
0	3380
0	3381
0	3382
0	3383
0	3384
0	3385
0	3386
0	3387
0	3388
0	3389
0	3390
0	3391
0	3392
0	3393
0	3394
0	3395
0	3396
0	3397
0	3398
0	3399
0	3400
0	3401
0	3402
0	3403
0	3404
0	3405
0	3406
0	3407
0	3408
0	3409
0	3410
0	3411
0	3412
0	3413
0	3414
0	3415
0	3416
0	3417
0	3418
0	3419
0	3420
0	3421
0	3422
0	3423
0	3424
0	3425
0	3426
0	3427
0	3428
0	3429
0	3430
0	3431
0	3432
0	3433
0	3434
0	3435
0	3436
0	3437
0	3438
0	3439
0	3440
0	3441
0	3442
0	3443
0	3444
0	3445
0	3446
0	3447
0	3448
0	3449
0	3450
0	3451
0	3452
0	3453
0	3454
0	3455
0	3456
0	3457
0	3458
0	3459
0	3460
0	3461
0	3462
0	3463
0	3464
0	3465
0	3466
0	3467
0	3468
0	3469
0	3470
0	3471
0	3472
0	3473
0	3474
0	3475
0	3476
0	3477
0	3478
0	3479
0	3480
0	3481
0	3482
0	3483
0	3484
0	3485
0	3486
0	3487
0	3488
0	3489
0	3490
0	3491
0	3492
0	3493
0	3494
0	3495
0	3496
0	3497
0	3498
0	3499
0	3500
0	3501
0	3502
0	3503
0	3504
0	3505
0	3506
0	3507
0	3508
0	3509
0	3510
0	3511
0	3512
0	3513
0	3514
0	3515
0	3516
0	3517
0	3518
0	3519
0	3520
0	3521
0	3522
0	3523
0	3524
0	3525
0	3526
0	3527
0	3528
0	3529
0	3530
0	3531
0	3532
0	3533
0	3534
0	3535
0	3536
0	3537
0	3538
0	3539
0	3540
0	3541
0	3542
0	3543
0	3544
0	3545
0	3546
0	3547
0	3548
0	3549
0	3550
0	3551
0	3552
0	3553
0	3554
0	3555
0	3556
0	3557
0	3558
0	3559
0	3560
0	3561
0	3562
0	3563
0	3564
0	3565
0	3566
0	3567
0	3568
0	3569
0	3570
0	3571
0	3572
0	3573
0	3574
0	3575
0	3576
0	3577
0	3578
0	3579
0	3580
0	3581
0	3582
0	3583
0	3584
0	3585
0	3586
0	3587
0	3588
0	3589
0	3590
0	3591
0	3592
0	3593
0	3594
0	3595
0	3596
0	3597
0	3598
0	3599
0	3600
0	3601
0	3602
0	3603
0	3604
0	3605
0	3606
0	3607
0	3608
0	3609
0	3610
0	3611
0	3612
0	3613
0	3614
0	3615
0	3616
0	3617
0	3618
0	3619
0	3620
0	3621
0	3622
0	3623
0	3624
0	3625
0	3626
0	3627
0	3628
0	3629
0	3630
0	3631
0	3632
0	3633
0	3634
0	3635
0	3636
0	3637
0	3638
0	3639
0	3640
0	3641
0	3642
0	3643
0	3644
0	3645
0	3646
0	3647
0	3648
0	3649
0	3650
0	3651
0	3652
0	3653
0	3654
0	3655
0	3656
0	3657
0	3658
0	3659
0	3660
0	3661
0	3662
0	3663
0	3664
0	3665
0	3666
0	3667
0	3668
0	3669
0	3670
0	3671
0	3672
0	3673
0	3674
0	3675
0	3676
0	3677
0	3678
0	3679
0	3680
0	3681
0	3682
0	3683
0	3684
0	3685
0	3686
0	3687
0	3688
0	3689
0	3690
0	3691
0	3692
0	3693
0	3694
0	3695
0	3696
0	3697
0	3698
1	3699
1	3700
1	3701
1	3702
1	3703
1	3704
1	3705
1	3706
1	3707
1	3708
1	3709
1	3710
1	3711
1	3712
1	3713
1	3714
1	3715
1	3716
1	3717
1	3718
1	3719
1	3720
1	3721
1	3722
1	3723
1	3724
1	3725
1	3726
1	3727
1	3728
1	3729
1	3730
1	3731
1	3732
1	3733
1	3734
1	3735
1	3736
1	3737
1	3738
1	3739
1	3740
1	3741
1	3742
1	3743
1	3744
1	3745
1	3746
1	3747
1	3748
1	3749
1	3750
1	3751
1	3752
1	3753
1	3754
1	3755
1	3756
1	3757
1	3758
1	3759
1	3760
1	3761
1	3762
1	3763
1	3764
1	3765
1	3766
1	3767
1	3768
1	3769
1	3770
1	3771
1	3772
1	3773
1	3774
1	3775
1	3776
1	3777
1	3778
1	3779
1	3780
1	3781
1	3782
1	3783
1	3784
1	3785
1	3786
1	3787
1	3788
1	3789
1	3790
1	3791
1	3792
1	3793
1	3794
1	3795
1	3796
1	3797
1	3798
1	3799
1	3800
1	3801
1	3802
1	3803
1	3804
1	3805
1	3806
1	3807
1	3808
1	3809
1	3810
1	3811
1	3812
1	3813
1	3814
1	3815
1	3816
1	3817
1	3818
1	3819
1	3820
1	3821
1	3822
1	3823
1	3824
1	3825
1	3826
1	3827
1	3828
1	3829
1	3830
1	3831
1	3832
1	3833
1	3834
1	3835
1	3836
1	3837
1	3838
1	3839
1	3840
1	3841
1	3842
1	3843
1	3844
1	3845
1	3846
1	3847
1	3848
1	3849
1	3850
1	3851
1	3852
1	3853
1	3854
1	3855
1	3856
1	3857
1	3858
1	3859
1	3860
1	3861
1	3862
1	3863
1	3864
1	3865
1	3866
1	3867
1	3868
1	3869
1	3870
1	3871
1	3872
1	3873
1	3874
1	3875
1	3876
1	3877
1	3878
1	3879
1	3880
1	3881
1	3882
1	3883
1	3884
1	3885
1	3886
1	3887
1	3888
1	3889
1	3890
1	3891
1	3892
1	3893
1	3894
1	3895
1	3896
1	3897
1	3898
1	3899
1	3900
1	3901
1	3902
1	3903
1	3904
1	3905
1	3906
1	3907
1	3908
1	3909
1	3910
1	3911
1	3912
1	3913
1	3914
1	3915
1	3916
1	3917
1	3918
1	3919
1	3920
1	3921
1	3922
1	3923
1	3924
1	3925
1	3926
1	3927
1	3928
1	3929
1	3930
1	3931
1	3932
1	3933
1	3934
1	3935
1	3936
1	3937
1	3938
1	3939
1	3940
1	3941
1	3942
1	3943
1	3944
1	3945
1	3946
1	3947
1	3948
1	3949
1	3950
1	3951
1	3952
1	3953
1	3954
1	3955
1	3956
1	3957
1	3958
1	3959
1	3960
1	3961
1	3962
1	3963
1	3964
1	3965
1	3966
1	3967
1	3968
1	3969
1	3970
1	3971
1	3972
1	3973
1	3974
1	3975
1	3976
1	3977
1	3978
1	3979
1	3980
1	3981
1	3982
1	3983
1	3984
1	3985
1	3986
1	3987
1	3988
1	3989
1	3990
1	3991
1	3992
1	3993
1	3994
1	3995
1	3996
1	3997
1	3998
1	3999
1	4000
1	4001
1	4002
1	4003
1	4004
1	4005
1	4006
1	4007
1	4008
1	4009
1	4010
1	4011
1	4012
1	4013
1	4014
1	4015
1	4016
1	4017
1	4018
1	4019
1	4020
1	4021
1	4022
1	4023
1	4024
1	4025
1	4026
1	4027
1	4028
1	4029
1	4030
1	4031
1	4032
1	4033
1	4034
1	4035
1	4036
1	4037
1	4038
1	4039
1	4040
1	4041
1	4042
1	4043
1	4044
1	4045
1	4046
1	4047
1	4048
1	4049
1	4050
1	4051
1	4052
1	4053
1	4054
1	4055
1	4056
1	4057
1	4058
1	4059
1	4060
1	4061
1	4062
1	4063
1	4064
1	4065
1	4066
1	4067
1	4068
1	4069
1	4070
1	4071
1	4072
1	4073
1	4074
1	4075
1	4076
1	4077
1	4078
1	4079
1	4080
1	4081
1	4082
1	4083
1	4084
1	4085
1	4086
1	4087
1	4088
1	4089
1	4090
1	4091
1	4092
1	4093
1	4094
1	4095
1	4096
1	4097
1	4098
1	4099
1	4100
1	4101
1	4102
1	4103
1	4104
1	4105
1	4106
1	4107
1	4108
1	4109
