0	0
0	1
1	2
0	3
2	4
3	5
3	6
1	7
0	8
2	9
0	10
0	11
2	12
1	13
1	14
3	15
3	16
0	17
0	18
2	19
4	20
3	21
4	22
2	23
2	24
1	25
0	26
1	27
1	28
2	29
1	30
4	31
1	32
0	33
4	34
0	35
2	36
4	37
0	38
2	39
4	40
2	41
0	42
2	43
2	44
4	45
4	46
4	47
1	48
3	49
4	50
4	51
4	52
0	53
4	54
3	55
4	56
1	57
0	58
0	59
2	60
0	61
1	62
2	63
4	64
4	65
1	66
3	67
0	68
0	69
1	70
0	71
4	72
4	73
1	74
0	75
0	76
4	77
4	78
4	79
3	80
3	81
4	82
1	83
1	84
3	85
0	86
4	87
2	88
4	89
3	90
3	91
4	92
4	93
4	94
0	95
0	96
0	97
3	98
0	99
3	100
4	101
3	102
2	103
2	104
4	105
0	106
0	107
4	108
0	109
1	110
1	111
2	112
3	113
4	114
0	115
3	116
3	117
1	118
3	119
3	120
0	121
3	122
0	123
1	124
1	125
4	126
1	127
2	128
0	129
4	130
3	131
4	132
1	133
0	134
1	135
2	136
0	137
4	138
1	139
2	140
1	141
0	142
4	143
2	144
2	145
1	146
4	147
2	148
4	149
1	150
0	151
0	152
3	153
3	154
3	155
1	156
2	157
0	158
1	159
1	160
4	161
2	162
0	163
3	164
2	165
4	166
2	167
0	168
4	169
2	170
0	171
2	172
4	173
1	174
2	175
2	176
0	177
4	178
4	179
4	180
0	181
2	182
2	183
3	184
3	185
1	186
3	187
3	188
1	189
3	190
1	191
3	192
4	193
2	194
2	195
2	196
3	197
2	198
0	199
0	200
3	201
2	202
0	203
4	204
3	205
0	206
2	207
2	208
1	209
2	210
3	211
3	212
2	213
4	214
4	215
4	216
3	217
3	218
0	219
0	220
4	221
0	222
0	223
2	224
0	225
3	226
3	227
0	228
3	229
4	230
4	231
0	232
4	233
0	234
4	235
4	236
3	237
1	238
3	239
4	240
3	241
1	242
0	243
1	244
2	245
3	246
2	247
1	248
3	249
4	250
0	251
3	252
2	253
1	254
2	255
0	256
0	257
2	258
2	259
2	260
1	261
1	262
3	263
2	264
1	265
1	266
0	267
1	268
4	269
3	270
3	271
4	272
1	273
4	274
3	275
4	276
2	277
4	278
0	279
3	280
4	281
0	282
1	283
0	284
1	285
1	286
2	287
4	288
3	289
3	290
3	291
0	292
1	293
1	294
0	295
1	296
0	297
0	298
4	299
1	300
1	301
0	302
1	303
2	304
4	305
1	306
1	307
0	308
0	309
4	310
4	311
0	312
1	313
3	314
4	315
2	316
3	317
1	318
3	319
3	320
2	321
0	322
1	323
2	324
3	325
0	326
3	327
2	328
3	329
1	330
4	331
4	332
1	333
0	334
1	335
1	336
2	337
2	338
1	339
0	340
2	341
2	342
2	343
3	344
0	345
4	346
0	347
3	348
1	349
0	350
4	351
2	352
3	353
1	354
2	355
0	356
1	357
2	358
2	359
0	360
1	361
0	362
3	363
0	364
4	365
1	366
2	367
2	368
2	369
4	370
2	371
2	372
0	373
1	374
0	375
2	376
4	377
0	378
1	379
2	380
2	381
4	382
2	383
1	384
0	385
4	386
0	387
4	388
2	389
0	390
0	391
4	392
0	393
4	394
4	395
4	396
3	397
3	398
0	399
0	400
2	401
0	402
1	403
4	404
0	405
4	406
2	407
3	408
4	409
4	410
1	411
0	412
3	413
4	414
4	415
4	416
1	417
1	418
2	419
2	420
2	421
1	422
4	423
1	424
0	425
0	426
1	427
2	428
3	429
4	430
0	431
4	432
2	433
0	434
2	435
4	436
0	437
2	438
1	439
3	440
3	441
2	442
0	443
3	444
1	445
4	446
4	447
1	448
4	449
1	450
0	451
1	452
1	453
4	454
1	455
2	456
4	457
0	458
1	459
4	460
3	461
1	462
3	463
1	464
3	465
1	466
4	467
0	468
0	469
0	470
2	471
3	472
0	473
4	474
4	475
4	476
3	477
2	478
2	479
2	480
3	481
0	482
0	483
2	484
3	485
2	486
2	487
2	488
4	489
2	490
4	491
4	492
3	493
3	494
0	495
3	496
2	497
4	498
0	499
2	500
2	501
1	502
1	503
2	504
0	505
4	506
0	507
0	508
4	509
2	510
1	511
1	512
3	513
2	514
1	515
0	516
4	517
1	518
0	519
2	520
1	521
4	522
4	523
1	524
3	525
2	526
1	527
0	528
2	529
1	530
0	531
2	532
3	533
3	534
3	535
1	536
2	537
3	538
0	539
2	540
1	541
1	542
1	543
0	544
3	545
0	546
0	547
1	548
1	549
1	550
0	551
2	552
0	553
3	554
4	555
1	556
3	557
1	558
0	559
3	560
4	561
4	562
4	563
0	564
2	565
1	566
0	567
2	568
2	569
1	570
2	571
0	572
1	573
1	574
0	575
4	576
1	577
4	578
1	579
3	580
3	581
0	582
1	583
3	584
3	585
1	586
0	587
0	588
3	589
1	590
2	591
0	592
1	593
4	594
0	595
1	596
0	597
0	598
4	599
3	600
4	601
2	602
1	603
3	604
4	605
1	606
4	607
1	608
0	609
1	610
4	611
1	612
4	613
0	614
2	615
0	616
2	617
1	618
2	619
4	620
1	621
1	622
4	623
0	624
3	625
1	626
0	627
3	628
2	629
0	630
3	631
4	632
1	633
0	634
1	635
3	636
3	637
3	638
1	639
0	640
1	641
1	642
3	643
3	644
1	645
2	646
4	647
4	648
2	649
0	650
0	651
2	652
0	653
4	654
1	655
0	656
1	657
0	658
2	659
4	660
2	661
1	662
2	663
4	664
3	665
1	666
2	667
0	668
0	669
4	670
4	671
3	672
2	673
2	674
0	675
0	676
2	677
3	678
3	679
2	680
1	681
1	682
2	683
3	684
1	685
0	686
1	687
4	688
3	689
1	690
0	691
1	692
4	693
3	694
4	695
4	696
2	697
0	698
0	699
4	700
1	701
4	702
3	703
3	704
1	705
4	706
3	707
4	708
0	709
4	710
0	711
2	712
4	713
0	714
3	715
2	716
0	717
4	718
0	719
0	720
0	721
0	722
3	723
0	724
1	725
3	726
2	727
2	728
3	729
0	730
1	731
2	732
3	733
2	734
1	735
1	736
1	737
2	738
1	739
4	740
1	741
4	742
0	743
2	744
2	745
4	746
4	747
0	748
1	749
4	750
2	751
1	752
4	753
0	754
3	755
1	756
2	757
2	758
0	759
4	760
3	761
3	762
2	763
2	764
2	765
2	766
2	767
2	768
0	769
3	770
2	771
0	772
2	773
4	774
2	775
1	776
3	777
1	778
0	779
0	780
4	781
4	782
3	783
4	784
2	785
0	786
2	787
4	788
4	789
2	790
3	791
3	792
0	793
1	794
4	795
2	796
1	797
3	798
1	799
1	800
1	801
2	802
2	803
2	804
4	805
0	806
3	807
4	808
3	809
4	810
3	811
2	812
3	813
0	814
2	815
0	816
0	817
2	818
2	819
1	820
4	821
1	822
4	823
0	824
3	825
4	826
2	827
3	828
1	829
1	830
3	831
2	832
4	833
2	834
1	835
4	836
3	837
4	838
3	839
0	840
3	841
3	842
3	843
2	844
1	845
3	846
2	847
0	848
3	849
2	850
3	851
4	852
1	853
2	854
1	855
3	856
4	857
0	858
2	859
1	860
1	861
0	862
3	863
0	864
4	865
1	866
0	867
2	868
1	869
0	870
3	871
1	872
3	873
4	874
3	875
4	876
0	877
3	878
0	879
0	880
2	881
2	882
4	883
1	884
1	885
1	886
1	887
3	888
2	889
3	890
2	891
2	892
1	893
3	894
1	895
0	896
1	897
0	898
2	899
2	900
1	901
0	902
4	903
2	904
4	905
4	906
3	907
0	908
2	909
1	910
0	911
3	912
3	913
3	914
3	915
1	916
1	917
2	918
1	919
4	920
3	921
3	922
0	923
2	924
0	925
3	926
2	927
2	928
3	929
0	930
0	931
2	932
1	933
1	934
2	935
2	936
2	937
3	938
3	939
1	940
3	941
4	942
3	943
2	944
4	945
1	946
1	947
1	948
2	949
3	950
1	951
1	952
2	953
3	954
0	955
0	956
4	957
1	958
2	959
4	960
3	961
3	962
4	963
1	964
1	965
3	966
0	967
2	968
2	969
1	970
3	971
2	972
0	973
0	974
3	975
4	976
0	977
3	978
3	979
0	980
3	981
2	982
1	983
0	984
1	985
2	986
4	987
0	988
1	989
4	990
3	991
3	992
3	993
2	994
3	995
2	996
4	997
0	998
4	999
1	1000
0	1001
2	1002
0	1003
3	1004
0	1005
1	1006
2	1007
0	1008
0	1009
4	1010
4	1011
3	1012
4	1013
3	1014
2	1015
1	1016
0	1017
3	1018
1	1019
2	1020
3	1021
3	1022
4	1023
3	1024
2	1025
3	1026
0	1027
1	1028
0	1029
3	1030
2	1031
3	1032
1	1033
4	1034
1	1035
1	1036
4	1037
2	1038
2	1039
4	1040
0	1041
0	1042
1	1043
1	1044
2	1045
4	1046
4	1047
3	1048
4	1049
0	1050
0	1051
3	1052
1	1053
4	1054
0	1055
0	1056
3	1057
3	1058
2	1059
2	1060
1	1061
1	1062
0	1063
3	1064
3	1065
2	1066
4	1067
3	1068
4	1069
1	1070
4	1071
0	1072
0	1073
1	1074
3	1075
0	1076
0	1077
2	1078
2	1079
3	1080
3	1081
2	1082
4	1083
3	1084
0	1085
0	1086
0	1087
2	1088
4	1089
0	1090
2	1091
4	1092
2	1093
3	1094
2	1095
1	1096
2	1097
2	1098
3	1099
0	1100
4	1101
2	1102
2	1103
2	1104
1	1105
4	1106
0	1107
3	1108
0	1109
3	1110
3	1111
4	1112
1	1113
1	1114
3	1115
4	1116
0	1117
0	1118
1	1119
1	1120
4	1121
4	1122
4	1123
1	1124
2	1125
3	1126
1	1127
3	1128
2	1129
3	1130
0	1131
4	1132
4	1133
0	1134
4	1135
0	1136
4	1137
2	1138
1	1139
1	1140
3	1141
0	1142
2	1143
2	1144
4	1145
4	1146
1	1147
4	1148
4	1149
4	1150
3	1151
3	1152
2	1153
3	1154
3	1155
3	1156
1	1157
1	1158
1	1159
4	1160
0	1161
4	1162
0	1163
2	1164
0	1165
2	1166
4	1167
2	1168
2	1169
4	1170
3	1171
0	1172
2	1173
4	1174
2	1175
1	1176
1	1177
3	1178
0	1179
1	1180
4	1181
2	1182
2	1183
3	1184
4	1185
1	1186
2	1187
4	1188
0	1189
2	1190
4	1191
4	1192
1	1193
2	1194
3	1195
0	1196
1	1197
0	1198
3	1199
2	1200
2	1201
1	1202
2	1203
0	1204
3	1205
2	1206
3	1207
1	1208
0	1209
0	1210
3	1211
2	1212
1	1213
2	1214
1	1215
0	1216
3	1217
3	1218
2	1219
3	1220
1	1221
2	1222
3	1223
2	1224
3	1225
2	1226
2	1227
1	1228
0	1229
2	1230
3	1231
1	1232
3	1233
0	1234
2	1235
3	1236
2	1237
0	1238
0	1239
4	1240
3	1241
2	1242
2	1243
0	1244
2	1245
2	1246
2	1247
2	1248
1	1249
1	1250
3	1251
2	1252
0	1253
3	1254
2	1255
4	1256
1	1257
0	1258
0	1259
3	1260
4	1261
2	1262
4	1263
4	1264
0	1265
1	1266
1	1267
2	1268
3	1269
4	1270
0	1271
4	1272
4	1273
2	1274
1	1275
2	1276
2	1277
2	1278
1	1279
2	1280
0	1281
3	1282
4	1283
4	1284
2	1285
0	1286
0	1287
1	1288
1	1289
3	1290
0	1291
1	1292
2	1293
3	1294
0	1295
4	1296
3	1297
3	1298
3	1299
0	1300
1	1301
1	1302
1	1303
2	1304
0	1305
1	1306
1	1307
4	1308
4	1309
0	1310
0	1311
0	1312
4	1313
0	1314
0	1315
0	1316
1	1317
2	1318
4	1319
4	1320
3	1321
0	1322
4	1323
4	1324
0	1325
4	1326
1	1327
2	1328
1	1329
0	1330
4	1331
1	1332
2	1333
0	1334
4	1335
1	1336
2	1337
0	1338
2	1339
4	1340
4	1341
3	1342
0	1343
2	1344
3	1345
0	1346
0	1347
2	1348
2	1349
4	1350
3	1351
3	1352
3	1353
3	1354
0	1355
2	1356
4	1357
3	1358
4	1359
4	1360
1	1361
2	1362
0	1363
2	1364
0	1365
4	1366
3	1367
3	1368
0	1369
2	1370
1	1371
2	1372
0	1373
2	1374
3	1375
1	1376
2	1377
3	1378
1	1379
0	1380
1	1381
0	1382
0	1383
0	1384
2	1385
0	1386
0	1387
0	1388
4	1389
2	1390
3	1391
3	1392
1	1393
3	1394
1	1395
2	1396
4	1397
1	1398
2	1399
0	1400
1	1401
3	1402
4	1403
2	1404
0	1405
1	1406
1	1407
2	1408
1	1409
4	1410
1	1411
0	1412
4	1413
3	1414
3	1415
1	1416
4	1417
1	1418
2	1419
3	1420
2	1421
3	1422
0	1423
3	1424
1	1425
1	1426
3	1427
0	1428
3	1429
4	1430
1	1431
4	1432
4	1433
0	1434
4	1435
4	1436
4	1437
3	1438
1	1439
1	1440
4	1441
4	1442
2	1443
3	1444
0	1445
3	1446
1	1447
4	1448
4	1449
4	1450
1	1451
0	1452
2	1453
4	1454
4	1455
3	1456
4	1457
4	1458
4	1459
4	1460
3	1461
1	1462
4	1463
3	1464
1	1465
0	1466
2	1467
4	1468
1	1469
3	1470
4	1471
1	1472
0	1473
0	1474
1	1475
3	1476
2	1477
4	1478
3	1479
2	1480
4	1481
4	1482
2	1483
4	1484
2	1485
3	1486
4	1487
1	1488
1	1489
0	1490
3	1491
1	1492
0	1493
1	1494
2	1495
4	1496
2	1497
1	1498
2	1499
3	1500
2	1501
2	1502
3	1503
2	1504
4	1505
0	1506
1	1507
2	1508
3	1509
0	1510
2	1511
2	1512
3	1513
3	1514
4	1515
2	1516
0	1517
3	1518
4	1519
3	1520
0	1521
0	1522
3	1523
1	1524
4	1525
1	1526
2	1527
2	1528
1	1529
2	1530
0	1531
2	1532
4	1533
1	1534
2	1535
0	1536
4	1537
0	1538
0	1539
4	1540
3	1541
2	1542
0	1543
0	1544
0	1545
2	1546
4	1547
3	1548
2	1549
1	1550
0	1551
3	1552
4	1553
2	1554
1	1555
4	1556
1	1557
1	1558
4	1559
2	1560
4	1561
3	1562
4	1563
1	1564
2	1565
1	1566
0	1567
4	1568
2	1569
2	1570
1	1571
2	1572
3	1573
2	1574
3	1575
1	1576
3	1577
0	1578
0	1579
3	1580
1	1581
4	1582
2	1583
4	1584
0	1585
2	1586
3	1587
3	1588
4	1589
1	1590
2	1591
3	1592
2	1593
3	1594
1	1595
0	1596
2	1597
1	1598
2	1599
3	1600
1	1601
3	1602
4	1603
3	1604
3	1605
4	1606
1	1607
3	1608
2	1609
3	1610
3	1611
0	1612
1	1613
2	1614
2	1615
3	1616
3	1617
0	1618
1	1619
2	1620
2	1621
1	1622
4	1623
3	1624
1	1625
3	1626
1	1627
0	1628
3	1629
3	1630
4	1631
4	1632
4	1633
3	1634
3	1635
1	1636
0	1637
2	1638
2	1639
4	1640
4	1641
0	1642
2	1643
0	1644
4	1645
2	1646
1	1647
2	1648
2	1649
4	1650
3	1651
2	1652
1	1653
0	1654
3	1655
0	1656
1	1657
1	1658
3	1659
3	1660
2	1661
2	1662
0	1663
4	1664
3	1665
0	1666
0	1667
2	1668
1	1669
3	1670
4	1671
3	1672
3	1673
2	1674
0	1675
0	1676
1	1677
4	1678
1	1679
0	1680
2	1681
1	1682
2	1683
0	1684
1	1685
3	1686
1	1687
0	1688
4	1689
4	1690
0	1691
4	1692
1	1693
2	1694
4	1695
1	1696
3	1697
0	1698
2	1699
2	1700
4	1701
3	1702
0	1703
4	1704
3	1705
3	1706
1	1707
1	1708
1	1709
2	1710
4	1711
4	1712
3	1713
2	1714
3	1715
1	1716
0	1717
2	1718
2	1719
1	1720
0	1721
3	1722
3	1723
0	1724
3	1725
0	1726
3	1727
0	1728
4	1729
3	1730
1	1731
4	1732
1	1733
1	1734
2	1735
1	1736
4	1737
0	1738
0	1739
3	1740
3	1741
4	1742
3	1743
2	1744
1	1745
4	1746
0	1747
2	1748
3	1749
4	1750
2	1751
1	1752
0	1753
1	1754
1	1755
3	1756
4	1757
2	1758
0	1759
1	1760
2	1761
3	1762
4	1763
2	1764
4	1765
0	1766
2	1767
3	1768
2	1769
1	1770
4	1771
3	1772
2	1773
0	1774
2	1775
0	1776
2	1777
0	1778
2	1779
4	1780
3	1781
2	1782
2	1783
1	1784
0	1785
4	1786
3	1787
1	1788
0	1789
0	1790
2	1791
3	1792
1	1793
1	1794
1	1795
4	1796
2	1797
3	1798
3	1799
4	1800
3	1801
0	1802
3	1803
0	1804
3	1805
0	1806
0	1807
4	1808
0	1809
0	1810
3	1811
3	1812
4	1813
3	1814
2	1815
4	1816
1	1817
4	1818
3	1819
2	1820
4	1821
2	1822
3	1823
2	1824
4	1825
3	1826
1	1827
0	1828
0	1829
1	1830
4	1831
4	1832
0	1833
4	1834
0	1835
2	1836
4	1837
2	1838
1	1839
3	1840
3	1841
2	1842
3	1843
2	1844
0	1845
0	1846
3	1847
2	1848
2	1849
4	1850
3	1851
2	1852
1	1853
4	1854
0	1855
1	1856
3	1857
3	1858
1	1859
0	1860
4	1861
4	1862
1	1863
2	1864
1	1865
2	1866
3	1867
1	1868
4	1869
3	1870
4	1871
3	1872
0	1873
2	1874
2	1875
4	1876
1	1877
3	1878
2	1879
4	1880
2	1881
0	1882
0	1883
0	1884
1	1885
0	1886
2	1887
0	1888
4	1889
3	1890
2	1891
1	1892
0	1893
4	1894
3	1895
3	1896
4	1897
3	1898
1	1899
0	1900
0	1901
1	1902
4	1903
0	1904
0	1905
0	1906
3	1907
0	1908
2	1909
2	1910
4	1911
2	1912
2	1913
4	1914
3	1915
2	1916
0	1917
0	1918
2	1919
0	1920
2	1921
0	1922
1	1923
1	1924
4	1925
4	1926
3	1927
1	1928
3	1929
0	1930
4	1931
3	1932
3	1933
1	1934
0	1935
4	1936
3	1937
1	1938
2	1939
2	1940
2	1941
2	1942
4	1943
0	1944
2	1945
2	1946
4	1947
4	1948
3	1949
3	1950
3	1951
3	1952
1	1953
1	1954
0	1955
0	1956
0	1957
3	1958
1	1959
1	1960
2	1961
2	1962
2	1963
3	1964
1	1965
1	1966
3	1967
3	1968
0	1969
2	1970
2	1971
1	1972
3	1973
4	1974
0	1975
2	1976
2	1977
3	1978
2	1979
1	1980
4	1981
4	1982
2	1983
1	1984
3	1985
1	1986
0	1987
2	1988
0	1989
4	1990
0	1991
1	1992
2	1993
0	1994
4	1995
3	1996
0	1997
0	1998
2	1999
4	2000
2	2001
1	2002
0	2003
3	2004
0	2005
3	2006
2	2007
4	2008
2	2009
0	2010
3	2011
2	2012
2	2013
0	2014
0	2015
3	2016
4	2017
4	2018
0	2019
1	2020
3	2021
4	2022
0	2023
3	2024
0	2025
0	2026
4	2027
3	2028
0	2029
3	2030
4	2031
4	2032
3	2033
1	2034
3	2035
3	2036
4	2037
3	2038
2	2039
1	2040
3	2041
2	2042
3	2043
2	2044
2	2045
0	2046
1	2047
0	2048
0	2049
2	2050
1	2051
2	2052
0	2053
1	2054
4	2055
4	2056
1	2057
2	2058
4	2059
1	2060
1	2061
3	2062
0	2063
1	2064
4	2065
3	2066
0	2067
2	2068
1	2069
2	2070
2	2071
4	2072
3	2073
0	2074
0	2075
1	2076
1	2077
0	2078
4	2079
3	2080
1	2081
4	2082
2	2083
2	2084
2	2085
4	2086
2	2087
1	2088
4	2089
3	2090
4	2091
0	2092
0	2093
1	2094
1	2095
3	2096
1	2097
3	2098
4	2099
2	2100
2	2101
1	2102
0	2103
4	2104
2	2105
4	2106
3	2107
3	2108
4	2109
0	2110
0	2111
0	2112
1	2113
3	2114
3	2115
1	2116
4	2117
3	2118
3	2119
3	2120
1	2121
1	2122
1	2123
2	2124
3	2125
1	2126
3	2127
2	2128
0	2129
2	2130
3	2131
1	2132
0	2133
4	2134
4	2135
1	2136
2	2137
4	2138
2	2139
1	2140
2	2141
0	2142
3	2143
0	2144
4	2145
2	2146
1	2147
4	2148
3	2149
0	2150
2	2151
0	2152
2	2153
0	2154
4	2155
3	2156
0	2157
4	2158
1	2159
4	2160
2	2161
4	2162
4	2163
3	2164
3	2165
2	2166
4	2167
4	2168
3	2169
0	2170
1	2171
1	2172
3	2173
0	2174
3	2175
1	2176
2	2177
0	2178
1	2179
1	2180
1	2181
3	2182
1	2183
2	2184
4	2185
3	2186
1	2187
3	2188
4	2189
2	2190
2	2191
1	2192
1	2193
0	2194
3	2195
4	2196
1	2197
0	2198
4	2199
3	2200
0	2201
1	2202
4	2203
3	2204
4	2205
0	2206
3	2207
1	2208
0	2209
1	2210
4	2211
3	2212
3	2213
0	2214
0	2215
1	2216
2	2217
1	2218
3	2219
1	2220
4	2221
0	2222
3	2223
2	2224
1	2225
3	2226
4	2227
4	2228
3	2229
4	2230
1	2231
2	2232
3	2233
4	2234
3	2235
1	2236
3	2237
0	2238
4	2239
3	2240
2	2241
1	2242
2	2243
0	2244
1	2245
4	2246
0	2247
4	2248
2	2249
4	2250
1	2251
0	2252
2	2253
4	2254
4	2255
1	2256
4	2257
0	2258
4	2259
0	2260
3	2261
2	2262
3	2263
2	2264
2	2265
1	2266
2	2267
3	2268
4	2269
3	2270
3	2271
1	2272
1	2273
2	2274
0	2275
2	2276
1	2277
2	2278
1	2279
1	2280
2	2281
0	2282
3	2283
3	2284
3	2285
3	2286
4	2287
2	2288
3	2289
0	2290
1	2291
0	2292
2	2293
2	2294
3	2295
2	2296
1	2297
3	2298
0	2299
1	2300
3	2301
4	2302
1	2303
4	2304
3	2305
3	2306
3	2307
3	2308
0	2309
3	2310
0	2311
1	2312
3	2313
0	2314
4	2315
0	2316
1	2317
2	2318
2	2319
4	2320
3	2321
2	2322
0	2323
4	2324
4	2325
0	2326
3	2327
2	2328
0	2329
3	2330
1	2331
0	2332
3	2333
1	2334
4	2335
2	2336
1	2337
1	2338
4	2339
4	2340
4	2341
4	2342
0	2343
3	2344
4	2345
1	2346
0	2347
3	2348
2	2349
1	2350
2	2351
1	2352
4	2353
2	2354
0	2355
4	2356
0	2357
0	2358
4	2359
4	2360
3	2361
2	2362
1	2363
1	2364
4	2365
4	2366
2	2367
2	2368
2	2369
4	2370
1	2371
1	2372
0	2373
0	2374
3	2375
0	2376
4	2377
4	2378
4	2379
1	2380
1	2381
1	2382
3	2383
2	2384
3	2385
0	2386
0	2387
3	2388
3	2389
0	2390
2	2391
0	2392
4	2393
0	2394
3	2395
3	2396
2	2397
0	2398
1	2399
4	2400
2	2401
1	2402
1	2403
2	2404
0	2405
0	2406
4	2407
3	2408
3	2409
1	2410
1	2411
4	2412
0	2413
0	2414
2	2415
4	2416
4	2417
2	2418
2	2419
0	2420
3	2421
3	2422
2	2423
4	2424
4	2425
1	2426
3	2427
3	2428
0	2429
1	2430
3	2431
4	2432
0	2433
4	2434
0	2435
4	2436
4	2437
1	2438
4	2439
3	2440
0	2441
0	2442
1	2443
3	2444
2	2445
0	2446
1	2447
4	2448
1	2449
3	2450
0	2451
0	2452
2	2453
4	2454
1	2455
1	2456
0	2457
3	2458
1	2459
0	2460
3	2461
1	2462
3	2463
1	2464
0	2465
2	2466
0	2467
2	2468
1	2469
4	2470
0	2471
4	2472
3	2473
3	2474
3	2475
0	2476
4	2477
1	2478
0	2479
0	2480
1	2481
0	2482
3	2483
0	2484
4	2485
0	2486
1	2487
0	2488
0	2489
3	2490
3	2491
0	2492
3	2493
1	2494
2	2495
2	2496
2	2497
0	2498
3	2499
2	2500
2	2501
4	2502
4	2503
2	2504
1	2505
2	2506
2	2507
3	2508
4	2509
3	2510
1	2511
3	2512
0	2513
4	2514
1	2515
1	2516
3	2517
1	2518
0	2519
3	2520
4	2521
1	2522
2	2523
2	2524
4	2525
4	2526
4	2527
3	2528
1	2529
3	2530
0	2531
3	2532
0	2533
4	2534
4	2535
0	2536
4	2537
4	2538
0	2539
0	2540
4	2541
1	2542
4	2543
4	2544
3	2545
3	2546
4	2547
4	2548
3	2549
3	2550
3	2551
0	2552
1	2553
0	2554
2	2555
2	2556
1	2557
4	2558
2	2559
4	2560
0	2561
3	2562
1	2563
1	2564
0	2565
4	2566
4	2567
3	2568
1	2569
2	2570
4	2571
1	2572
0	2573
0	2574
1	2575
1	2576
1	2577
4	2578
4	2579
2	2580
3	2581
1	2582
4	2583
2	2584
4	2585
2	2586
0	2587
1	2588
2	2589
2	2590
3	2591
3	2592
0	2593
0	2594
4	2595
1	2596
1	2597
3	2598
3	2599
2	2600
1	2601
4	2602
0	2603
3	2604
3	2605
1	2606
3	2607
1	2608
2	2609
0	2610
4	2611
3	2612
0	2613
0	2614
2	2615
4	2616
0	2617
1	2618
2	2619
4	2620
3	2621
3	2622
0	2623
1	2624
2	2625
2	2626
3	2627
2	2628
4	2629
1	2630
1	2631
1	2632
0	2633
3	2634
2	2635
1	2636
0	2637
3	2638
3	2639
1	2640
2	2641
1	2642
4	2643
2	2644
1	2645
4	2646
0	2647
2	2648
2	2649
2	2650
3	2651
1	2652
2	2653
3	2654
1	2655
3	2656
2	2657
0	2658
3	2659
4	2660
4	2661
3	2662
4	2663
2	2664
1	2665
0	2666
4	2667
1	2668
1	2669
2	2670
2	2671
3	2672
2	2673
2	2674
3	2675
0	2676
4	2677
3	2678
3	2679
2	2680
0	2681
0	2682
1	2683
4	2684
2	2685
0	2686
2	2687
2	2688
2	2689
4	2690
0	2691
3	2692
2	2693
2	2694
1	2695
0	2696
0	2697
0	2698
0	2699
3	2700
2	2701
2	2702
3	2703
0	2704
3	2705
1	2706
4	2707
1	2708
0	2709
1	2710
1	2711
2	2712
3	2713
4	2714
3	2715
2	2716
3	2717
2	2718
1	2719
3	2720
4	2721
4	2722
4	2723
4	2724
3	2725
4	2726
2	2727
3	2728
1	2729
4	2730
1	2731
2	2732
1	2733
3	2734
1	2735
0	2736
0	2737
4	2738
0	2739
4	2740
0	2741
1	2742
1	2743
3	2744
4	2745
2	2746
4	2747
3	2748
2	2749
0	2750
0	2751
4	2752
0	2753
4	2754
1	2755
4	2756
4	2757
0	2758
4	2759
0	2760
2	2761
4	2762
2	2763
0	2764
4	2765
4	2766
4	2767
4	2768
1	2769
4	2770
3	2771
0	2772
3	2773
1	2774
2	2775
0	2776
3	2777
3	2778
2	2779
4	2780
3	2781
3	2782
2	2783
1	2784
0	2785
0	2786
4	2787
2	2788
0	2789
0	2790
4	2791
4	2792
4	2793
0	2794
1	2795
2	2796
2	2797
2	2798
4	2799
4	2800
1	2801
2	2802
1	2803
3	2804
0	2805
4	2806
2	2807
0	2808
2	2809
4	2810
3	2811
1	2812
2	2813
1	2814
0	2815
0	2816
0	2817
1	2818
1	2819
3	2820
4	2821
0	2822
4	2823
3	2824
4	2825
1	2826
4	2827
1	2828
2	2829
2	2830
2	2831
3	2832
4	2833
4	2834
2	2835
4	2836
3	2837
2	2838
1	2839
3	2840
0	2841
1	2842
0	2843
4	2844
1	2845
0	2846
1	2847
2	2848
0	2849
4	2850
4	2851
0	2852
0	2853
3	2854
2	2855
4	2856
0	2857
3	2858
3	2859
2	2860
1	2861
2	2862
0	2863
3	2864
4	2865
4	2866
1	2867
4	2868
2	2869
2	2870
2	2871
4	2872
3	2873
3	2874
2	2875
2	2876
4	2877
2	2878
3	2879
3	2880
1	2881
4	2882
2	2883
1	2884
1	2885
4	2886
3	2887
2	2888
2	2889
4	2890
4	2891
2	2892
0	2893
2	2894
1	2895
1	2896
4	2897
4	2898
0	2899
4	2900
2	2901
2	2902
2	2903
1	2904
4	2905
4	2906
4	2907
0	2908
2	2909
0	2910
3	2911
3	2912
4	2913
2	2914
3	2915
4	2916
1	2917
3	2918
3	2919
1	2920
4	2921
1	2922
3	2923
3	2924
3	2925
2	2926
2	2927
1	2928
4	2929
1	2930
2	2931
1	2932
0	2933
2	2934
4	2935
1	2936
0	2937
1	2938
2	2939
3	2940
2	2941
2	2942
0	2943
0	2944
0	2945
2	2946
1	2947
0	2948
3	2949
4	2950
3	2951
4	2952
4	2953
1	2954
4	2955
1	2956
0	2957
3	2958
4	2959
2	2960
1	2961
3	2962
2	2963
1	2964
2	2965
0	2966
4	2967
3	2968
4	2969
0	2970
3	2971
4	2972
0	2973
4	2974
4	2975
3	2976
0	2977
4	2978
0	2979
2	2980
1	2981
1	2982
2	2983
3	2984
0	2985
3	2986
4	2987
4	2988
4	2989
1	2990
4	2991
2	2992
3	2993
0	2994
0	2995
0	2996
4	2997
3	2998
0	2999
4	3000
0	3001
2	3002
1	3003
3	3004
2	3005
3	3006
1	3007
1	3008
1	3009
3	3010
0	3011
2	3012
0	3013
0	3014
2	3015
2	3016
2	3017
1	3018
2	3019
2	3020
3	3021
1	3022
4	3023
4	3024
1	3025
0	3026
3	3027
4	3028
3	3029
0	3030
2	3031
3	3032
3	3033
4	3034
4	3035
0	3036
2	3037
4	3038
0	3039
2	3040
4	3041
2	3042
4	3043
2	3044
0	3045
2	3046
0	3047
1	3048
3	3049
4	3050
0	3051
0	3052
3	3053
0	3054
2	3055
0	3056
4	3057
3	3058
0	3059
3	3060
0	3061
1	3062
2	3063
0	3064
0	3065
2	3066
2	3067
2	3068
1	3069
4	3070
0	3071
3	3072
4	3073
4	3074
1	3075
2	3076
3	3077
0	3078
2	3079
2	3080
1	3081
3	3082
0	3083
1	3084
1	3085
0	3086
3	3087
0	3088
0	3089
3	3090
4	3091
4	3092
4	3093
2	3094
3	3095
0	3096
4	3097
1	3098
0	3099
0	3100
0	3101
2	3102
1	3103
1	3104
4	3105
4	3106
4	3107
4	3108
1	3109
4	3110
2	3111
0	3112
4	3113
2	3114
4	3115
0	3116
3	3117
0	3118
2	3119
0	3120
1	3121
3	3122
3	3123
1	3124
2	3125
1	3126
2	3127
0	3128
1	3129
0	3130
0	3131
1	3132
2	3133
2	3134
0	3135
1	3136
1	3137
4	3138
3	3139
1	3140
2	3141
3	3142
0	3143
0	3144
1	3145
3	3146
2	3147
4	3148
4	3149
1	3150
4	3151
1	3152
1	3153
4	3154
1	3155
1	3156
1	3157
4	3158
3	3159
3	3160
4	3161
1	3162
1	3163
0	3164
2	3165
2	3166
4	3167
4	3168
0	3169
4	3170
4	3171
3	3172
3	3173
3	3174
3	3175
3	3176
0	3177
0	3178
3	3179
2	3180
3	3181
0	3182
4	3183
3	3184
2	3185
3	3186
1	3187
3	3188
2	3189
1	3190
3	3191
3	3192
1	3193
1	3194
2	3195
3	3196
1	3197
3	3198
1	3199
1	3200
4	3201
0	3202
2	3203
2	3204
2	3205
2	3206
2	3207
1	3208
1	3209
0	3210
1	3211
3	3212
4	3213
4	3214
1	3215
0	3216
4	3217
4	3218
4	3219
1	3220
0	3221
4	3222
2	3223
3	3224
0	3225
3	3226
1	3227
3	3228
4	3229
1	3230
3	3231
1	3232
1	3233
3	3234
2	3235
3	3236
1	3237
4	3238
0	3239
0	3240
2	3241
0	3242
0	3243
0	3244
0	3245
4	3246
4	3247
3	3248
1	3249
3	3250
2	3251
2	3252
3	3253
2	3254
4	3255
3	3256
0	3257
1	3258
2	3259
1	3260
3	3261
1	3262
0	3263
2	3264
1	3265
3	3266
2	3267
4	3268
1	3269
3	3270
0	3271
0	3272
2	3273
4	3274
1	3275
2	3276
4	3277
3	3278
1	3279
1	3280
3	3281
0	3282
2	3283
2	3284
4	3285
4	3286
4	3287
2	3288
3	3289
2	3290
2	3291
2	3292
4	3293
4	3294
2	3295
0	3296
3	3297
0	3298
2	3299
0	3300
3	3301
0	3302
1	3303
0	3304
3	3305
2	3306
2	3307
1	3308
1	3309
2	3310
1	3311
4	3312
4	3313
2	3314
3	3315
0	3316
0	3317
2	3318
2	3319
4	3320
4	3321
0	3322
4	3323
1	3324
3	3325
4	3326
2	3327
4	3328
4	3329
3	3330
2	3331
3	3332
2	3333
2	3334
1	3335
3	3336
1	3337
1	3338
0	3339
0	3340
1	3341
4	3342
0	3343
1	3344
0	3345
4	3346
0	3347
0	3348
3	3349
0	3350
4	3351
1	3352
3	3353
0	3354
2	3355
4	3356
1	3357
4	3358
2	3359
4	3360
3	3361
2	3362
0	3363
4	3364
0	3365
0	3366
4	3367
2	3368
2	3369
3	3370
1	3371
4	3372
2	3373
0	3374
4	3375
0	3376
4	3377
0	3378
1	3379
3	3380
2	3381
2	3382
4	3383
2	3384
0	3385
2	3386
1	3387
4	3388
1	3389
3	3390
0	3391
3	3392
1	3393
1	3394
3	3395
3	3396
1	3397
1	3398
1	3399
3	3400
2	3401
4	3402
0	3403
0	3404
1	3405
0	3406
3	3407
1	3408
4	3409
1	3410
1	3411
1	3412
2	3413
2	3414
0	3415
1	3416
2	3417
3	3418
0	3419
0	3420
2	3421
4	3422
1	3423
2	3424
3	3425
4	3426
3	3427
0	3428
0	3429
4	3430
2	3431
2	3432
1	3433
2	3434
4	3435
3	3436
4	3437
0	3438
1	3439
1	3440
2	3441
4	3442
3	3443
4	3444
1	3445
1	3446
4	3447
3	3448
3	3449
3	3450
3	3451
1	3452
0	3453
3	3454
2	3455
3	3456
3	3457
1	3458
3	3459
4	3460
2	3461
4	3462
2	3463
2	3464
1	3465
3	3466
3	3467
2	3468
1	3469
3	3470
3	3471
3	3472
3	3473
2	3474
0	3475
1	3476
2	3477
4	3478
0	3479
0	3480
1	3481
0	3482
1	3483
0	3484
1	3485
3	3486
1	3487
1	3488
3	3489
1	3490
4	3491
4	3492
1	3493
0	3494
4	3495
0	3496
4	3497
4	3498
4	3499
2	3500
4	3501
1	3502
1	3503
4	3504
4	3505
1	3506
2	3507
0	3508
2	3509
4	3510
4	3511
2	3512
1	3513
1	3514
4	3515
4	3516
1	3517
3	3518
0	3519
1	3520
4	3521
0	3522
1	3523
0	3524
1	3525
2	3526
4	3527
2	3528
2	3529
1	3530
2	3531
2	3532
0	3533
4	3534
2	3535
0	3536
2	3537
3	3538
3	3539
4	3540
0	3541
3	3542
3	3543
2	3544
1	3545
3	3546
4	3547
0	3548
1	3549
1	3550
4	3551
0	3552
4	3553
3	3554
1	3555
4	3556
3	3557
4	3558
1	3559
0	3560
0	3561
1	3562
1	3563
0	3564
3	3565
1	3566
3	3567
1	3568
0	3569
3	3570
0	3571
0	3572
2	3573
3	3574
0	3575
3	3576
4	3577
2	3578
3	3579
4	3580
3	3581
4	3582
1	3583
2	3584
3	3585
1	3586
3	3587
4	3588
4	3589
0	3590
3	3591
3	3592
0	3593
1	3594
3	3595
4	3596
4	3597
4	3598
0	3599
2	3600
4	3601
4	3602
1	3603
4	3604
1	3605
4	3606
2	3607
4	3608
3	3609
1	3610
4	3611
0	3612
1	3613
2	3614
1	3615
4	3616
2	3617
3	3618
1	3619
4	3620
2	3621
0	3622
2	3623
4	3624
2	3625
0	3626
0	3627
1	3628
3	3629
4	3630
0	3631
1	3632
2	3633
3	3634
0	3635
2	3636
3	3637
3	3638
2	3639
3	3640
3	3641
4	3642
2	3643
3	3644
4	3645
2	3646
4	3647
0	3648
3	3649
2	3650
2	3651
0	3652
0	3653
1	3654
4	3655
2	3656
1	3657
2	3658
0	3659
1	3660
1	3661
3	3662
2	3663
0	3664
2	3665
3	3666
1	3667
1	3668
0	3669
0	3670
0	3671
2	3672
0	3673
3	3674
3	3675
3	3676
3	3677
4	3678
2	3679
3	3680
3	3681
1	3682
0	3683
4	3684
1	3685
0	3686
2	3687
2	3688
0	3689
1	3690
4	3691
3	3692
4	3693
0	3694
3	3695
1	3696
1	3697
0	3698
4	3699
2	3700
0	3701
2	3702
0	3703
0	3704
1	3705
0	3706
1	3707
1	3708
1	3709
0	3710
1	3711
3	3712
0	3713
3	3714
3	3715
0	3716
3	3717
2	3718
0	3719
4	3720
3	3721
3	3722
2	3723
2	3724
3	3725
1	3726
3	3727
1	3728
3	3729
4	3730
2	3731
0	3732
0	3733
1	3734
1	3735
3	3736
4	3737
4	3738
2	3739
3	3740
3	3741
3	3742
4	3743
2	3744
1	3745
3	3746
0	3747
1	3748
4	3749
1	3750
1	3751
1	3752
4	3753
2	3754
2	3755
1	3756
4	3757
2	3758
2	3759
0	3760
0	3761
0	3762
1	3763
1	3764
4	3765
1	3766
3	3767
4	3768
3	3769
4	3770
1	3771
1	3772
0	3773
4	3774
0	3775
4	3776
0	3777
0	3778
4	3779
1	3780
1	3781
2	3782
0	3783
3	3784
4	3785
0	3786
4	3787
0	3788
2	3789
4	3790
2	3791
4	3792
3	3793
4	3794
4	3795
0	3796
3	3797
2	3798
0	3799
1	3800
4	3801
4	3802
3	3803
0	3804
2	3805
1	3806
2	3807
4	3808
3	3809
4	3810
2	3811
2	3812
1	3813
3	3814
1	3815
1	3816
1	3817
2	3818
2	3819
0	3820
2	3821
0	3822
0	3823
2	3824
4	3825
2	3826
0	3827
0	3828
4	3829
3	3830
3	3831
2	3832
2	3833
3	3834
1	3835
3	3836
4	3837
2	3838
4	3839
2	3840
0	3841
3	3842
3	3843
1	3844
0	3845
3	3846
1	3847
2	3848
0	3849
1	3850
4	3851
3	3852
4	3853
4	3854
4	3855
0	3856
1	3857
4	3858
3	3859
0	3860
3	3861
4	3862
1	3863
3	3864
1	3865
4	3866
3	3867
3	3868
4	3869
0	3870
2	3871
1	3872
0	3873
0	3874
2	3875
3	3876
1	3877
1	3878
4	3879
0	3880
4	3881
1	3882
0	3883
1	3884
1	3885
1	3886
1	3887
3	3888
1	3889
3	3890
0	3891
1	3892
1	3893
1	3894
3	3895
2	3896
0	3897
2	3898
4	3899
1	3900
3	3901
2	3902
1	3903
3	3904
3	3905
4	3906
4	3907
0	3908
3	3909
0	3910
4	3911
4	3912
4	3913
4	3914
3	3915
1	3916
1	3917
0	3918
3	3919
2	3920
1	3921
2	3922
4	3923
4	3924
3	3925
0	3926
4	3927
2	3928
1	3929
1	3930
2	3931
2	3932
1	3933
3	3934
2	3935
1	3936
2	3937
4	3938
4	3939
2	3940
3	3941
2	3942
3	3943
3	3944
4	3945
0	3946
2	3947
2	3948
0	3949
0	3950
4	3951
3	3952
3	3953
1	3954
0	3955
1	3956
3	3957
1	3958
1	3959
3	3960
4	3961
2	3962
1	3963
4	3964
4	3965
1	3966
0	3967
1	3968
3	3969
3	3970
0	3971
3	3972
1	3973
4	3974
3	3975
0	3976
2	3977
0	3978
1	3979
1	3980
2	3981
3	3982
3	3983
4	3984
2	3985
2	3986
3	3987
1	3988
0	3989
3	3990
4	3991
3	3992
2	3993
4	3994
1	3995
2	3996
1	3997
2	3998
4	3999
0	4000
3	4001
3	4002
2	4003
2	4004
4	4005
3	4006
1	4007
4	4008
3	4009
4	4010
0	4011
1	4012
3	4013
0	4014
0	4015
0	4016
0	4017
2	4018
0	4019
3	4020
4	4021
3	4022
4	4023
3	4024
0	4025
0	4026
2	4027
0	4028
0	4029
0	4030
1	4031
3	4032
0	4033
1	4034
3	4035
0	4036
4	4037
0	4038
0	4039
0	4040
2	4041
3	4042
4	4043
2	4044
1	4045
2	4046
1	4047
1	4048
3	4049
0	4050
4	4051
1	4052
3	4053
1	4054
3	4055
4	4056
1	4057
4	4058
4	4059
3	4060
1	4061
2	4062
1	4063
0	4064
2	4065
1	4066
0	4067
0	4068
4	4069
1	4070
3	4071
2	4072
2	4073
0	4074
4	4075
2	4076
2	4077
1	4078
2	4079
4	4080
4	4081
0	4082
2	4083
3	4084
4	4085
3	4086
0	4087
4	4088
0	4089
1	4090
4	4091
2	4092
2	4093
3	4094
3	4095
3	4096
0	4097
4	4098
2	4099
3	4100
3	4101
3	4102
2	4103
4	4104
4	4105
2	4106
0	4107
2	4108
1	4109
0	4110
0	4111
3	4112
1	4113
2	4114
0	4115
0	4116
2	4117
1	4118
4	4119
3	4120
4	4121
0	4122
2	4123
0	4124
4	4125
0	4126
4	4127
2	4128
4	4129
4	4130
2	4131
2	4132
3	4133
3	4134
1	4135
3	4136
2	4137
2	4138
1	4139
0	4140
4	4141
2	4142
3	4143
4	4144
2	4145
4	4146
2	4147
0	4148
3	4149
1	4150
1	4151
1	4152
4	4153
0	4154
2	4155
4	4156
2	4157
1	4158
1	4159
3	4160
3	4161
0	4162
0	4163
4	4164
2	4165
0	4166
2	4167
1	4168
3	4169
4	4170
2	4171
1	4172
4	4173
0	4174
2	4175
2	4176
3	4177
0	4178
0	4179
3	4180
1	4181
2	4182
1	4183
4	4184
0	4185
3	4186
4	4187
2	4188
3	4189
4	4190
1	4191
0	4192
1	4193
1	4194
3	4195
3	4196
1	4197
1	4198
3	4199
0	4200
0	4201
2	4202
1	4203
4	4204
1	4205
3	4206
0	4207
2	4208
1	4209
0	4210
2	4211
4	4212
1	4213
4	4214
1	4215
3	4216
4	4217
3	4218
0	4219
0	4220
4	4221
3	4222
4	4223
2	4224
4	4225
4	4226
0	4227
1	4228
1	4229
4	4230
2	4231
2	4232
1	4233
0	4234
2	4235
0	4236
2	4237
4	4238
4	4239
3	4240
4	4241
0	4242
0	4243
4	4244
3	4245
0	4246
0	4247
0	4248
1	4249
4	4250
3	4251
4	4252
0	4253
3	4254
0	4255
1	4256
3	4257
1	4258
0	4259
4	4260
2	4261
3	4262
4	4263
4	4264
0	4265
3	4266
4	4267
1	4268
2	4269
0	4270
1	4271
4	4272
2	4273
0	4274
2	4275
4	4276
0	4277
4	4278
3	4279
3	4280
3	4281
4	4282
0	4283
2	4284
3	4285
1	4286
1	4287
3	4288
2	4289
1	4290
4	4291
0	4292
3	4293
0	4294
1	4295
3	4296
2	4297
0	4298
2	4299
0	4300
1	4301
0	4302
0	4303
3	4304
0	4305
4	4306
2	4307
1	4308
4	4309
4	4310
2	4311
4	4312
1	4313
0	4314
2	4315
1	4316
1	4317
3	4318
2	4319
0	4320
2	4321
0	4322
2	4323
0	4324
2	4325
3	4326
4	4327
2	4328
0	4329
4	4330
3	4331
4	4332
4	4333
3	4334
2	4335
1	4336
1	4337
1	4338
0	4339
3	4340
3	4341
2	4342
0	4343
0	4344
1	4345
2	4346
1	4347
0	4348
1	4349
2	4350
4	4351
0	4352
4	4353
2	4354
0	4355
3	4356
1	4357
3	4358
3	4359
3	4360
3	4361
0	4362
1	4363
1	4364
0	4365
3	4366
3	4367
3	4368
2	4369
0	4370
0	4371
2	4372
1	4373
0	4374
0	4375
4	4376
2	4377
0	4378
0	4379
1	4380
3	4381
3	4382
4	4383
0	4384
2	4385
1	4386
3	4387
2	4388
4	4389
3	4390
3	4391
0	4392
3	4393
3	4394
0	4395
2	4396
2	4397
2	4398
0	4399
3	4400
2	4401
4	4402
3	4403
1	4404
4	4405
1	4406
2	4407
4	4408
0	4409
3	4410
4	4411
0	4412
0	4413
4	4414
4	4415
0	4416
1	4417
4	4418
3	4419
3	4420
1	4421
4	4422
4	4423
2	4424
4	4425
2	4426
2	4427
0	4428
4	4429
2	4430
4	4431
3	4432
2	4433
4	4434
4	4435
4	4436
2	4437
0	4438
4	4439
4	4440
2	4441
4	4442
1	4443
0	4444
0	4445
0	4446
2	4447
3	4448
4	4449
0	4450
3	4451
2	4452
2	4453
2	4454
0	4455
0	4456
1	4457
1	4458
0	4459
0	4460
0	4461
3	4462
2	4463
0	4464
2	4465
2	4466
3	4467
3	4468
2	4469
0	4470
2	4471
0	4472
2	4473
2	4474
2	4475
4	4476
2	4477
3	4478
0	4479
2	4480
4	4481
2	4482
1	4483
1	4484
3	4485
1	4486
4	4487
3	4488
3	4489
2	4490
4	4491
4	4492
0	4493
0	4494
1	4495
3	4496
4	4497
4	4498
4	4499
1	4500
0	4501
0	4502
2	4503
3	4504
1	4505
3	4506
4	4507
1	4508
2	4509
1	4510
4	4511
1	4512
0	4513
2	4514
2	4515
2	4516
3	4517
0	4518
1	4519
3	4520
2	4521
4	4522
1	4523
2	4524
1	4525
0	4526
3	4527
3	4528
4	4529
4	4530
3	4531
4	4532
0	4533
0	4534
1	4535
1	4536
4	4537
1	4538
0	4539
4	4540
2	4541
2	4542
0	4543
0	4544
4	4545
2	4546
2	4547
3	4548
0	4549
1	4550
3	4551
0	4552
3	4553
3	4554
3	4555
1	4556
2	4557
2	4558
4	4559
4	4560
1	4561
2	4562
4	4563
4	4564
1	4565
4	4566
0	4567
4	4568
2	4569
0	4570
4	4571
1	4572
2	4573
0	4574
0	4575
4	4576
3	4577
2	4578
2	4579
3	4580
4	4581
1	4582
1	4583
2	4584
1	4585
1	4586
2	4587
4	4588
0	4589
4	4590
0	4591
1	4592
0	4593
4	4594
3	4595
3	4596
0	4597
4	4598
0	4599
1	4600
4	4601
3	4602
3	4603
3	4604
2	4605
0	4606
2	4607
0	4608
3	4609
0	4610
1	4611
2	4612
0	4613
2	4614
2	4615
4	4616
1	4617
4	4618
0	4619
1	4620
1	4621
0	4622
4	4623
3	4624
4	4625
1	4626
1	4627
1	4628
4	4629
3	4630
2	4631
3	4632
1	4633
0	4634
4	4635
0	4636
2	4637
2	4638
0	4639
4	4640
0	4641
4	4642
2	4643
4	4644
1	4645
3	4646
1	4647
4	4648
3	4649
2	4650
3	4651
2	4652
3	4653
3	4654
1	4655
2	4656
1	4657
2	4658
3	4659
0	4660
3	4661
1	4662
3	4663
4	4664
3	4665
4	4666
4	4667
2	4668
2	4669
3	4670
4	4671
3	4672
1	4673
1	4674
1	4675
0	4676
1	4677
4	4678
4	4679
0	4680
1	4681
2	4682
4	4683
0	4684
1	4685
0	4686
3	4687
4	4688
1	4689
4	4690
2	4691
2	4692
0	4693
0	4694
0	4695
4	4696
4	4697
2	4698
3	4699
3	4700
0	4701
2	4702
1	4703
4	4704
2	4705
1	4706
1	4707
4	4708
1	4709
4	4710
0	4711
2	4712
3	4713
0	4714
2	4715
1	4716
2	4717
3	4718
2	4719
2	4720
1	4721
1	4722
0	4723
1	4724
4	4725
1	4726
1	4727
2	4728
3	4729
2	4730
4	4731
4	4732
3	4733
0	4734
1	4735
2	4736
4	4737
2	4738
3	4739
1	4740
1	4741
4	4742
2	4743
1	4744
3	4745
2	4746
0	4747
1	4748
1	4749
0	4750
2	4751
2	4752
3	4753
0	4754
4	4755
4	4756
2	4757
3	4758
3	4759
1	4760
1	4761
2	4762
3	4763
3	4764
1	4765
1	4766
3	4767
0	4768
1	4769
0	4770
0	4771
2	4772
4	4773
0	4774
2	4775
1	4776
2	4777
3	4778
1	4779
0	4780
3	4781
3	4782
3	4783
4	4784
0	4785
0	4786
1	4787
0	4788
1	4789
1	4790
2	4791
4	4792
3	4793
2	4794
2	4795
4	4796
2	4797
3	4798
0	4799
4	4800
3	4801
2	4802
1	4803
4	4804
3	4805
1	4806
1	4807
4	4808
4	4809
3	4810
1	4811
4	4812
4	4813
1	4814
3	4815
3	4816
3	4817
4	4818
3	4819
4	4820
0	4821
0	4822
4	4823
2	4824
3	4825
2	4826
4	4827
1	4828
1	4829
3	4830
3	4831
3	4832
1	4833
1	4834
3	4835
2	4836
1	4837
2	4838
2	4839
3	4840
0	4841
1	4842
1	4843
2	4844
2	4845
4	4846
4	4847
3	4848
0	4849
3	4850
1	4851
2	4852
4	4853
2	4854
1	4855
2	4856
1	4857
0	4858
2	4859
0	4860
4	4861
4	4862
1	4863
0	4864
3	4865
3	4866
0	4867
4	4868
4	4869
4	4870
1	4871
0	4872
1	4873
1	4874
3	4875
4	4876
4	4877
2	4878
4	4879
3	4880
4	4881
0	4882
2	4883
1	4884
0	4885
3	4886
0	4887
3	4888
2	4889
0	4890
0	4891
0	4892
4	4893
2	4894
2	4895
3	4896
2	4897
3	4898
1	4899
0	4900
1	4901
3	4902
2	4903
2	4904
1	4905
1	4906
1	4907
1	4908
1	4909
2	4910
0	4911
4	4912
0	4913
1	4914
1	4915
2	4916
3	4917
3	4918
4	4919
3	4920
0	4921
1	4922
3	4923
1	4924
3	4925
2	4926
3	4927
2	4928
3	4929
3	4930
0	4931
4	4932
3	4933
4	4934
3	4935
1	4936
3	4937
1	4938
1	4939
4	4940
0	4941
1	4942
1	4943
2	4944
3	4945
1	4946
3	4947
2	4948
3	4949
1	4950
4	4951
1	4952
4	4953
1	4954
4	4955
4	4956
1	4957
1	4958
1	4959
1	4960
1	4961
0	4962
4	4963
2	4964
0	4965
3	4966
2	4967
1	4968
3	4969
0	4970
4	4971
4	4972
0	4973
1	4974
3	4975
